294
294
294
290
296
298
296
294
296
294
294
832
294
294
296
296
296
278
408
324
336
288
294
296
278
298
296
294
296
296
1078
294
296
290
296
294
298
294
294
296
292
296
294
296
294
296
296
296
296
1388
298
296
296
296
294
294
294
294
292
298
294
296
294
294
292
294
298
296
294
294
294
296
296
296
298
296
294
296
296
300
296
298
292
296
292
296
292
296
294
296
294
296
296
296
296
296
296
298
300
692
296
296
294
296
294
294
296
300
294
296
296
298
296
296
296
294
294
296
952
294
294
296
296
296
298
296
298
296
294
296
296
296
294
296
294
292
298
1136
294
296
296
296
294
298
294
298
300
298
298
294
298
296
296
296
296
296
1332
296
296
294
296
294
294
296
298
296
296
298
290
298
294
298
298
296
294
1510
298
296
294
294
292
292
296
294
294
296
296
294
296
296
298
296
294
294
296
296
296
298
294
296
294
294
296
294
294
296
406
298
294
294
298
296
298
294
294
296
298
296
296
290
292
294
296
300
296
662
294
296
294
296
296
296
292
294
296
296
292
294
296
296
298
296
296
292
978
294
296
294
298
294
298
296
298
296
298
296
292
296
290
294
298
296
294
390
294
296
294
296
296
290
294
298
294
298
294
296
296
294
294
296
294
294
1268
298
294
296
294
294
294
294
296
294
296
300
288
298
296
294
296
298
296
294
298
296
296
296
296
294
296
294
294
296
296
416
296
296
296
292
298
296
294
296
296
294
294
294
298
296
300
294
298
296
508
298
298
296
298
298
296
298
296
296
296
294
296
292
298
294
294
300
296
766
294
294
296
298
296
296
296
292
296
298
296
296
300
296
296
294
298
296
1082
298
294
294
294
298
296
294
294
292
292
294
300
296
294
292
296
292
296
1338
298
294
294
296
296
294
294
294
294
294
296
296
294
294
296
298
294
296
1474
290
300
294
296
294
294
296
294
294
296
296
298
296
294
298
298
294
298
296
296
296
298
296
296
296
296
296
296
296
294
572
294
298
294
296
300
294
296
298
296
294
298
296
298
296
296
296
294
294
666
296
296
294
296
298
298
296
292
296
296
294
296
300
294
294
292
298
294
978
298
296
298
294
296
296
296
296
294
296
298
296
294
296
296
294
292
294
1234
296
298
292
300
294
296
296
296
294
294
292
296
296
296
296
296
294
296
1510
294
298
296
294
292
298
298
298
296
296
296
296
298
294
296
296
292
294
292
298
296
296
296
296
296
294
296
298
298
296
288
296
294
294
292
292
292
296
296
294
296
294
298
298
296
298
296
294
296
548
294
296
296
296
294
294
294
292
296
296
296
296
294
296
294
296
296
298
1240
296
294
296
298
292
298
294
298
294
296
292
298
292
296
298
292
296
298
776
294
296
298
296
294
296
294
298
298
296
296
292
296
296
296
294
294
298
1302
294
296
298
294
294
294
296
298
300
296
294
296
294
294
294
296
298
294
1454
294
294
296
294
296
294
294
294
294
296
296
296
296
292
298
294
298
296
292
298
298
298
296
294
298
296
292
296
298
294
356
294
294
294
294
298
294
294
296
296
298
294
294
296
296
294
296
296
296
728
296
296
296
296
300
296
294
294
294
292
296
296
296
296
294
296
296
296
674
294
294
294
294
294
296
294
296
296
294
294
296
294
296
296
298
300
298
1020
298
298
298
296
298
296
296
294
294
294
294
296
294
300
294
294
296
296
1434
294
296
298
294
290
290
296
294
298
294
296
294
290
294
296
298
296
298
296
296
294
296
296
296
296
294
296
296
294
294
376
298
296
296
296
294
298
296
296
294
296
292
296
294
296
296
296
296
296
684
294
298
296
298
298
298
292
298
300
298
294
296
296
296
294
296
296
298
928
296
294
296
298
296
292
296
298
296
294
296
296
296
296
294
298
298
296
950
294
296
300
294
296
296
292
294
294
296
298
294
292
296
294
298
296
296
1200
294
294
294
294
296
294
296
296
292
298
300
296
294
296
292
296
296
294
296
296
294
296
294
294
296
296
294
294
294
296
298
296
294
298
294
296
296
296
296
298
294
296
294
296
294
296
296
296
298
550
292
294
294
294
298
294
298
298
296
292
292
296
296
298
298
292
298
296
752
296
296
292
296
294
298
292
294
296
296
296
292
294
296
294
296
296
294
952
296
294
292
294
298
296
296
296
296
298
296
294
296
294
294
296
294
296
1152
294
294
296
296
296
294
294
298
296
294
296
296
294
298
296
296
294
292
1240
298
296
294
296
292
298
296
296
298
294
294
292
294
298
296
296
294
296
296
298
296
298
294
294
294
292
296
296
294
294
296
298
296
298
296
296
296
294
298
296
294
296
296
294
298
298
296
298
296
604
298
294
296
294
292
296
296
292
294
294
294
296
298
294
294
298
298
294
782
296
296
296
296
296
298
292
294
298
290
298
298
296
296
294
294
296
296
1046
296
294
294
296
296
296
298
294
296
294
296
298
294
294
296
294
296
298
1238
296
294
294
294
294
294
294
296
294
296
294
296
296
294
294
296
294
296
1476
294
294
294
294
294
296
296
298
298
296
298
294
296
294
296
292
294
296
294
296
294
296
290
294
296
296
296
294
294
294
340
296
294
294
300
296
296
294
294
296
292
294
296
294
298
294
298
296
296
760
296
296
294
296
294
296
298
294
296
296
294
296
294
292
296
298
294
298
1440
296
296
296
296
296
298
296
292
294
298
298
294
296
290
296
294
296
294
1192
296
292
292
294
296
296
298
298
290
298
296
298
294
292
294
294
294
296
1436
294
298
298
296
298
296
296
294
294
294
296
294
294
296
296
292
292
296
1548
296
298
296
298
296
294
296
294
296
292
368
294
296
296
298
296
298
294
298
308
296
296
296
296
296
296
296
294
294
290
550
296
294
292
296
294
298
298
296
296
298
294
294
298
294
296
294
294
294
922
296
294
294
296
298
296
294
294
294
294
296
298
294
298
294
294
294
298
1126
296
294
294
294
294
298
298
294
296
296
294
294
294
296
296
298
294
292
596
298
294
294
298
298
296
294
298
296
294
296
296
294
294
294
294
292
294
292
296
298
296
294
296
294
296
296
294
296
294
296
294
294
292
292
296
296
294
292
292
296
296
298
292
294
292
296
294
294
534
296
292
294
298
296
296
296
298
298
300
296
294
296
292
292
296
298
296
864
298
294
294
298
294
294
294
294
296
298
296
296
296
296
292
294
294
294
1446
294
294
294
296
296
296
294
296
294
294
294
296
296
294
294
294
294
296
1226
296
294
298
296
294
296
296
294
294
296
294
296
294
294
298
296
296
296
1516
298
298
294
298
298
294
296
296
296
296
296
294
294
296
296
298
296
298
294
296
298
296
294
294
294
294
298
298
296
292
382
298
296
294
296
298
298
294
296
292
294
294
300
294
296
296
294
294
294
512
296
296
296
298
298
294
294
298
296
292
296
294
296
294
298
296
296
298
934
296
294
294
294
296
294
294
294
296
298
294
296
296
296
298
296
298
296
1114
298
296
294
296
294
296
296
294
294
294
294
294
294
296
296
296
298
296
1308
292
294
294
296
294
298
294
296
296
298
296
294
296
296
296
294
298
294
296
294
294
296
298
298
294
294
294
294
294
296
304
298
296
296
298
296
298
298
296
296
294
296
296
294
298
294
296
298
294
484
294
290
292
296
294
294
294
294
294
296
296
294
296
298
294
298
294
294
702
296
296
294
294
288
294
298
294
298
292
298
296
300
296
294
296
296
296
1082
296
296
296
294
294
296
294
296
294
298
298
296
296
298
294
296
294
292
1248
296
298
294
294
296
294
296
296
294
294
294
340
296
294
296
296
296
296
1456
296
294
294
298
294
296
296
300
296
296
294
298
296
298
298
294
296
294
296
296
296
296
296
296
292
292
296
296
296
298
394
296
294
294
294
294
296
298
294
296
296
296
296
294
294
298
296
296
296
578
296
296
296
296
296
296
294
294
290
294
298
294
296
296
296
294
298
296
822
294
296
296
292
294
298
1484
292
296
296
298
296
298
290
294
296
296
296
1136
296
296
294
296
298
294
296
294
294
294
294
298
298
298
298
294
298
296
1310
296
296
296
294
296
296
294
294
298
294
296
294
294
296
296
294
298
296
1560
300
298
298
298
296
296
294
296
298
300
298
300
298
296
298
296
302
300
956
302
298
296
292
300
300
300
298
300
296
300
296
300
300
300
302
298
300
300
300
298
300
300
300
294
298
300
300
300
300
490
300
302
300
298
298
300
296
298
302
296
306
298
296
302
298
300
296
300
652
298
298
302
294
300
298
296
296
300
300
298
300
298
298
302
302
300
300
1046
298
300
302
296
302
300
298
298
300
304
302
300
298
300
298
300
300
302
898
300
300
302
300
300
298
302
300
296
300
296
298
300
302
298
302
298
298
1070
318
298
294
302
298
300
1402
300
296
298
300
356
296
304
298
300
298
298
290
300
298
300
296
304
302
304
294
296
296
296
420
298
296
302
302
298
300
298
300
300
304
302
296
296
298
298
302
302
360
440
300
300
278
300
300
296
298
298
296
298
300
298
300
300
302
300
296
288
610
298
302
302
304
298
300
298
302
298
300
302
300
300
300
302
304
302
298
1124
300
300
300
302
298
302
296
298
296
296
298
298
296
300
302
302
300
298
1230
298
300
300
298
298
298
298
298
300
298
298
298
302
300
300
300
298
300
1370
296
300
300
300
300
300
300
300
298
298
300
300
298
302
300
302
302
296
298
300
300
300
298
296
298
302
302
300
300
298
490
296
298
280
1510
316
298
902
286
300
444
300
300
280
286
298
320
314
354
300
300
862
298
302
296
294
296
300
288
288
296
302
300
304
300
296
292
362
298
302
300
294
302
290
302
1472
302
302
304
304
292
286
304
306
302
304
302
300
302
304
304
314
298
302
306
302
306
352
300
308
302
302
300
300
298
348
300
296
298
296
296
300
304
300
302
300
294
298
298
300
300
300
298
300
298
300
304
300
300
296
298
300
298
300
294
300
302
298
300
300
296
298
298
302
300
298
300
304
300
280
298
300
298
298
298
298
614
302
298
300
300
304
300
298
300
302
298
302
298
298
298
300
294
302
300
296
300
298
300
302
302
298
302
300
302
300
300
298
300
300
300
302
298
300
1048
300
300
300
296
302
304
302
300
294
296
302
298
294
294
298
296
302
280
300
282
300
300
300
298
296
300
300
302
304
302
300
294
296
296
300
298
300
300
298
302
300
300
300
300
300
298
300
300
298
302
302
298
300
294
300
298
300
302
298
300
302
298
298
298
306
300
300
296
528
302
302
302
298
300
300
300
300
300
298
298
296
296
300
296
298
300
296
822
296
300
296
298
300
300
302
302
300
300
296
298
300
300
300
300
300
300
282
298
300
298
302
302
296
298
298
296
300
302
296
302
298
296
300
300
298
1320
296
300
300
302
300
296
298
298
296
300
298
296
302
298
298
300
300
300
1390
298
300
296
296
298
300
300
298
300
300
298
298
296
300
300
304
298
302
296
302
300
300
296
296
300
300
302
298
300
302
436
298
298
298
296
300
300
300
302
300
298
300
300
298
300
300
300
300
300
588
298
300
296
302
294
302
298
298
298
300
302
296
282
302
300
300
298
302
856
300
300
296
300
300
300
300
300
300
300
300
304
300
300
302
300
298
302
802
296
302
302
302
300
300
302
300
298
298
302
300
300
300
296
300
298
298
1376
298
300
300
300
302
298
298
300
300
298
298
302
300
298
306
298
300
302
1554
300
296
302
298
300
300
300
300
298
298
306
298
300
302
298
300
302
298
300
296
298
298
302
298
298
300
296
298
300
298
502
296
280
284
300
282
302
300
292
298
300
298
300
300
306
302
300
298
296
590
300
302
298
300
300
298
300
300
298
304
300
296
300
302
298
302
300
300
952
298
296
298
302
302
302
300
298
300
300
300
300
302
298
300
298
300
300
1058
302
304
298
276
300
296
294
296
300
294
294
298
298
298
298
298
296
296
294
298
296
292
296
296
294
294
294
294
296
296
394
294
298
296
296
298
298
292
296
296
294
296
300
296
296
296
294
298
294
610
294
296
294
302
296
298
300
298
296
300
300
298
296
300
300
298
300
300
652
298
300
298
300
298
302
300
306
298
302
298
300
304
298
296
302
296
304
882
300
302
298
298
298
302
718
300
282
300
298
300
294
300
300
302
296
296
1100
296
300
300
300
300
298
1060
296
296
298
304
300
296
296
298
300
300
300
1136
302
296
300
302
278
300
298
296
300
300
302
302
298
296
298
300
300
302
960
296
296
300
300
300
300
300
300
302
304
302
300
298
304
302
302
302
300
298
300
302
304
300
300
302
302
302
300
302
304
524
302
304
298
304
296
300
302
302
304
304
302
304
302
300
302
300
302
304
300
300
302
300
302
300
302
298
304
300
300
300
302
302
302
302
302
300
302
1050
302
298
298
300
300
304
296
298
298
300
300
298
294
298
300
300
298
296
1336
298
298
300
302
296
298
298
298
300
300
300
298
298
300
298
300
282
302
1494
300
296
298
296
296
298
298
302
300
298
298
306
298
298
300
298
302
298
298
296
300
300
302
298
302
298
300
296
300
300
502
300
300
302
298
300
302
300
298
300
296
302
296
296
302
300
298
300
294
684
298
300
298
300
298
304
300
296
296
300
302
300
298
300
298
302
300
298
830
296
302
300
294
302
300
298
300
300
300
300
298
298
300
294
300
296
298
1090
300
298
298
298
298
298
300
298
298
296
298
296
294
300
300
302
302
302
1520
300
296
296
302
298
300
300
300
302
296
300
296
296
298
298
300
302
302
300
298
302
298
302
300
298
298
298
302
298
300
412
300
298
300
302
298
296
300
296
296
304
304
304
300
296
296
298
296
296
294
300
298
300
302
296
302
296
300
298
294
276
300
296
296
296
300
298
298
838
294
296
304
300
298
294
292
298
300
296
298
300
298
300
294
298
300
298
300
298
298
294
298
47064
294
300
298
300
300
300
302
302
298
300
300
298
300
1384
300
300
302
294
300
296
300
302
302
300
302
300
302
302
296
304
300
300
302
298
300
298
300
300
288
300
302
296
302
300
364
300
298
302
300
298
296
298
302
302
304
302
296
302
300
306
300
300
304
486
298
298
306
302
302
300
300
300
302
298
304
302
302
302
302
302
304
302
682
304
300
302
302
296
300
306
298
302
300
300
304
302
306
304
302
298
298
1322
296
296
296
294
290
294
296
296
294
292
298
298
296
296
296
296
292
296
294
296
294
296
294
292
298
296
292
296
296
294
294
296
298
296
296
294
282
298
298
294
298
294
296
300
296
296
296
298
294
526
296
296
296
296
298
296
294
296
296
294
296
294
294
298
294
294
304
300
280
300
282
302
302
298
292
296
302
294
404
276
290
294
296
296
340
1530
298
288
284
340
286
290
298
328
434
300
300
400
562
298
304
304
294
284
434
302
342
306
302
322
292
292
302
278
318
328
314
304
300
342
302
300
302
302
304
346
302
300
298
324
318
376
292
278
286
330
302
284
300
284
292
284
304
284
304
324
1320
284
300
304
300
1404
302
306
296
302
296
304
298
300
298
298
296
1556
374
296
296
298
296
300
302
300
300
302
302
300
296
304
302
300
300
300
300
298
348
294
300
308
298
298
298
298
330
314
316
282
290
300
396
296
298
298
290
644
282
296
304
300
302
302
306
300
300
304
300
296
302
302
300
300
298
300
298
302
296
300
298
302
300
298
300
294
1056
300
300
294
300
298
298
300
300
300
300
302
304
296
300
300
300
298
296
296
294
296
294
294
296
296
300
296
294
294
296
294
294
294
298
294
296
296
296
296
298
296
298
294
296
296
294
296
296
294
630
294
294
296
298
296
296
298
296
296
294
292
296
296
294
296
298
296
296
730
296
294
296
294
298
296
298
296
294
294
296
296
294
294
294
298
296
294
1004
296
298
298
296
296
294
296
296
298
294
296
294
296
294
296
296
294
298
1208
292
294
296
292
294
292
296
298
294
294
296
292
296
296
296
290
294
296
1494
294
296
294
294
296
296
298
296
298
296
296
296
296
296
296
294
294
294
296
298
296
296
294
294
294
294
294
294
298
296
526
296
296
292
292
296
296
290
296
296
296
296
296
296
290
296
296
282
294
310
300
282
298
300
296
296
298
296
292
294
294
294
296
298
300
294
298
294
978
298
298
292
294
298
296
296
296
296
296
290
298
296
294
296
298
294
298
1160
298
296
292
292
296
294
294
294
296
294
296
300
296
294
296
294
296
296
1532
298
294
294
294
294
296
296
294
298
294
296
294
294
294
294
296
292
294
294
294
296
296
294
294
294
296
294
294
294
296
420
296
294
296
294
296
298
294
296
296
298
296
296
296
296
294
292
296
296
650
296
298
298
296
294
294
298
294
296
294
296
298
296
294
294
294
294
294
846
294
296
296
296
294
300
298
296
296
296
296
294
294
296
298
294
296
296
990
292
294
296
294
294
294
296
296
296
298
298
296
294
296
296
294
296
296
744
294
294
296
292
298
298
294
296
298
292
296
298
296
294
296
294
296
296
436
292
298
296
296
294
298
294
296
296
290
298
296
296
296
296
292
292
294
294
294
294
296
296
296
296
296
296
296
296
294
544
294
294
296
292
294
296
294
296
294
292
298
296
296
294
294
296
296
292
798
298
298
294
294
296
294
296
296
298
296
294
296
296
292
296
294
296
292
780
298
296
294
296
292
298
296
298
298
296
298
294
294
294
294
296
296
296
1228
296
294
296
294
294
296
294
292
296
298
294
294
290
296
296
296
296
292
1506
290
296
298
296
294
296
296
296
296
294
294
296
294
294
296
296
296
298
296
298
298
296
292
294
296
294
296
294
292
294
462
296
296
298
294
294
298
296
296
296
298
294
292
296
294
294
296
296
296
648
292
294
298
296
296
294
296
294
296
296
296
298
294
296
296
294
294
294
906
296
296
294
294
296
296
294
296
296
298
298
296
298
294
298
294
296
292
1488
292
298
296
298
296
298
294
296
296
296
296
296
296
292
296
298
292
296
1462
296
296
296
296
298
296
302
298
304
294
298
296
296
296
296
296
294
300
296
296
294
300
294
298
296
296
296
296
294
296
368
294
296
294
296
294
298
296
296
294
292
296
296
300
296
298
296
296
300
394
296
302
302
300
296
300
298
298
298
298
300
296
296
298
298
300
300
302
302
296
294
300
300
298
298
300
302
298
296
298
296
296
296
300
298
300
302
714
302
296
302
304
296
296
296
296
294
296
292
290
296
292
294
294
294
294
1354
292
294
298
296
300
292
296
296
294
294
298
294
298
294
294
296
