122
294
414
296
300
300
300
300
302
296
298
294
296
302
294
296
294
296
294
298
294
298
294
296
296
294
772
298
298
296
298
298
298
294
298
294
298
298
300
298
308
296
296
296
298
300
306
302
304
294
296
298
290
296
292
296
298
298
294
296
296
296
296
294
296
296
298
294
294
292
294
296
296
294
292
298
296
294
296
548
298
296
296
298
294
296
296
292
300
300
296
296
296
1440
300
300
298
300
900
296
296
296
296
1000
296
294
294
296
298
296
294
296
292
296
324
298
296
298
296
294
296
296
298
298
296
294
296
350
296
296
294
294
308
294
296
296
294
294
298
296
300
296
298
294
306
300
300
304
300
296
298
454
294
294
302
302
730
300
296
298
298
296
298
294
296
292
296
296
298
292
296
298
296
294
296
292
298
298
296
298
1402
294
296
296
294
298
296
296
294
298
294
296
294
296
300
296
298
300
296
300
350
298
296
292
300
300
298
300
302
828
296
296
298
294
296
294
298
296
296
296
298
272
296
294
296
294
300
298
294
294
294
296
296
1282
296
298
296
296
294
298
294
292
296
296
304
302
306
302
302
294
298
300
294
296
292
300
296
1520
296
294
298
294
276
296
294
298
298
298
296
298
296
298
296
296
294
298
294
296
292
294
294
294
296
296
296
294
1104
300
294
296
298
292
294
298
300
302
302
300
300
290
290
300
296
294
296
298
296
296
294
298
1426
296
294
298
294
298
296
298
298
296
298
294
296
298
298
296
294
290
296
292
294
296
298
296
294
294
294
296
292
890
296
294
298
1446
304
302
302
304
300
298
296
296
296
294
298
294
296
294
298
296
296
294
296
1338
278
298
290
296
296
294
296
296
296
298
294
294
296
300
294
292
294
294
298
298
296
298
298
1442
298
296
294
296
546
296
300
300
298
302
294
296
300
296
296
298
292
296
296
298
298
294
298
298
294
298
294
296
1532
296
296
298
296
454
292
294
294
296
296
296
294
298
298
296
294
296
298
300
296
294
300
296
282
296
294
298
304
412
298
302
306
292
296
296
296
294
298
292
296
296
296
296
296
296
294
294
296
296
296
296
298
1408
296
296
296
298
326
296
296
290
296
294
296
300
296
1430
296
298
298
296
296
294
296
296
296
296
296
300
298
302
542
298
296
296
296
296
298
298
296
294
294
296
294
292
