296
298
300
290
294
296
292
294
298
294
294
628
294
296
298
296
296
294
294
298
294
298
294
294
296
986
296
296
296
296
294
296
294
294
296
294
296
296
296
1338
294
294
294
294
294
296
298
294
296
296
294
294
300
304
284
294
294
292
296
306
296
296
292
294
296
294
296
296
294
294
294
294
294
298
296
292
296
296
300
294
296
298
294
296
294
296
296
296
316
294
298
308
746
294
292
298
294
296
294
294
296
298
294
294
294
302
852
294
300
296
298
294
292
294
296
292
292
296
294
294
1460
302
294
296
294
298
294
292
298
296
294
296
294
294
292
294
296
294
294
298
296
296
296
292
298
294
298
294
294
296
298
296
290
296
296
294
294
298
294
288
306
434
296
296
296
292
296
294
296
296
290
276
276
704
292
292
440
278
318
322
352
296
294
296
296
296
298
278
298
302
296
296
294
294
298
298
300
296
280
278
292
1484
292
294
478
296
274
346
296
296
292
296
970
300
294
294
278
284
302
310
294
290
362
290
324
298
296
296
296
298
306
294
296
300
298
302
280
290
282
280
300
274
296
296
298
292
296
294
296
294
296
296
298
296
730
296
296
294
294
300
296
296
296
296
294
296
296
298
1202
292
276
294
294
296
296
292
296
294
296
294
292
296
1458
294
296
292
294
294
298
294
298
292
296
296
294
296
294
296
296
294
294
296
296
298
294
294
298
296
296
278
294
296
296
298
294
294
294
296
296
294
292
298
298
294
298
296
294
294
296
296
296
296
296
296
294
832
294
294
296
298
296
296
298
296
294
294
294
294
294
1238
292
298
290
292
296
296
296
292
294
292
292
292
294
1554
294
290
296
296
294
292
294
294
298
296
294
296
298
298
296
298
298
298
294
294
294
296
296
296
298
294
294
296
296
294
298
292
296
296
294
294
298
294
510
296
296
294
294
296
294
294
296
292
296
296
296
296
944
296
294
292
294
294
296
292
290
294
294
294
294
294
1150
294
294
296
294
294
298
292
298
294
292
296
292
296
1550
296
296
294
294
294
294
294
296
296
298
298
294
296
294
296
298
294
294
296
294
298
294
294
294
294
298
298
296
292
296
298
294
294
298
294
294
294
294
514
296
296
298
294
294
294
296
294
294
294
298
296
296
938
294
298
294
296
294
298
296
296
294
296
294
294
294
1224
298
296
298
296
296
294
294
294
294
296
294
296
296
298
294
296
294
296
296
294
298
294
296
298
296
296
296
296
294
294
294
296
294
294
296
298
296
296
296
296
296
294
296
298
294
296
296
298
292
294
294
298
616
296
294
290
298
296
296
296
298
298
294
296
296
296
862
296
296
294
292
292
296
294
296
298
298
296
292
298
1280
294
298
298
296
296
296
296
294
296
296
294
294
298
1546
298
292
298
296
300
296
294
298
294
296
296
296
294
296
292
294
298
296
296
298
300
296
296
296
296
296
294
296
292
294
298
296
296
294
294
296
296
296
524
298
296
294
296
296
298
298
294
296
298
294
296
296
958
296
294
296
294
296
296
294
292
294
298
296
296
294
1308
296
294
294
296
294
294
294
294
296
296
296
296
296
298
294
298
296
294
294
296
294
296
292
294
296
296
292
294
296
294
296
296
296
296
296
296
294
296
296
294
294
292
296
296
298
292
294
292
292
300
292
294
612
296
298
294
292
294
294
294
296
294
300
296
294
296
1038
296
296
294
296
298
296
296
294
294
296
292
296
298
1244
298
296
294
296
298
296
298
294
296
296
294
296
296
294
298
298
294
296
292
296
292
298
296
294
296
294
294
296
294
296
294
296
296
294
294
296
296
294
296
298
296
294
294
296
294
296
294
296
296
296
296
296
296
298
294
294
294
296
298
294
296
294
292
294
298
296
1038
296
294
294
296
296
298
296
294
298
294
298
294
298
1296
296
294
296
296
298
294
294
294
294
296
296
296
292
294
294
294
296
294
296
294
292
296
290
296
294
292
296
298
294
294
296
296
294
294
298
294
294
296
302
294
298
296
296
294
294
294
294
296
292
296
294
296
604
296
416
294
292
296
296
296
296
294
298
294
296
298
596
294
296
296
294
294
294
294
298
296
294
296
294
298
1382
294
296
296
298
294
292
294
294
294
296
296
296
296
1552
296
294
294
296
296
294
298
296
298
296
294
298
296
296
294
292
296
300
296
298
294
296
296
294
294
298
294
294
296
292
294
296
298
294
296
294
298
296
740
294
296
296
294
294
296
294
294
298
296
298
296
292
988
296
296
298
294
296
294
296
296
296
294
294
296
296
1002
294
296
294
298
296
298
296
294
294
292
296
294
298
278
296
294
294
296
292
296
294
296
294
294
298
296
296
298
294
298
296
294
296
294
294
296
296
292
388
292
296
294
292
296
294
296
294
296
296
292
294
296
294
294
298
296
296
296
298
296
294
298
294
294
294
298
1054
294
296
298
296
294
294
294
296
294
296
296
296
296
1314
296
296
294
294
296
294
296
296
298
300
298
300
366
1074
306
298
294
296
294
294
296
296
296
294
296
298
294
294
294
296
296
296
298
296
296
298
294
296
440
296
294
294
956
296
294
294
294
294
298
296
296
298
716
298
292
298
296
296
296
296
298
294
294
296
296
296
678
294
296
296
296
296
294
292
294
296
296
298
296
296
1422
294
298
294
296
296
298
294
296
296
298
296
298
298
294
296
290
290
294
294
298
296
296
292
298
294
292
294
298
292
292
294
296
296
292
296
294
294
294
358
296
294
296
294
294
294
296
296
300
296
296
298
298
782
296
296
298
296
294
294
294
296
296
296
298
294
296
1034
294
296
294
294
298
292
292
296
294
294
294
296
296
1026
294
296
296
296
298
296
298
298
296
292
296
294
296
296
296
294
290
296
294
296
298
294
294
298
296
296
296
294
296
296
296
296
294
294
298
296
296
294
432
298
294
294
296
298
296
296
296
298
294
294
298
294
854
296
296
292
298
294
296
296
294
296
296
296
296
298
1102
296
294
294
294
296
296
294
298
296
294
294
294
296
1288
294
292
298
292
296
296
294
296
296
294
294
294
292
1392
296
296
296
296
296
294
294
294
294
296
294
294
294
294
294
296
296
296
296
296
296
298
294
296
444
298
296
298
296
294
298
296
296
294
296
296
296
294
758
294
294
292
294
296
296
298
296
296
298
298
294
296
1166
294
298
296
298
296
296
294
292
294
294
294
296
294
1322
296
294
296
294
294
298
296
298
294
294
296
294
296
296
298
296
294
296
294
296
296
296
296
296
298
294
294
296
296
296
296
296
298
294
294
292
296
294
590
294
294
296
296
298
294
296
294
296
296
294
294
296
854
296
294
296
298
296
294
298
294
294
292
294
296
296
1270
294
294
298
292
290
296
294
296
298
294
294
294
296
1496
296
296
296
296
298
294
298
296
294
294
296
296
296
296
296
296
292
298
294
294
298
296
296
296
296
294
298
296
296
294
298
298
294
294
296
298
296
294
482
296
298
292
298
296
296
292
296
294
296
298
296
296
838
294
294
296
296
294
294
292
296
292
294
294
296
296
1160
296
296
296
296
294
296
296
296
296
294
296
294
294
1562
294
298
298
296
294
294
296
296
298
294
296
298
294
1416
294
298
298
298
296
294
294
294
294
298
296
296
294
298
296
294
296
296
294
296
298
298
296
294
502
296
294
294
296
296
296
292
298
294
298
292
294
296
878
296
298
296
292
298
298
294
294
294
298
296
298
294
1252
298
294
296
292
294
298
298
294
294
296
298
296
296
298
294
296
296
296
296
296
294
294
296
296
296
296
294
298
296
296
296
294
296
296
298
296
296
296
294
296
294
294
294
292
294
294
298
294
296
298
296
296
582
296
298
294
292
294
292
296
290
294
294
298
298
292
896
296
294
296
294
296
294
292
296
298
298
296
294
294
1390
296
296
298
294
298
296
294
296
294
296
296
294
296
298
296
296
296
296
296
296
292
294
296
298
294
298
294
296
296
296
296
294
296
296
296
298
296
298
340
292
296
294
292
292
296
296
294
292
296
294
294
298
714
296
296
294
296
292
296
296
296
294
294
296
296
298
1044
294
294
296
298
296
296
294
298
298
294
294
296
294
1312
294
296
296
298
298
298
296
294
296
296
294
296
296
296
296
298
296
296
296
296
296
294
296
294
298
296
294
294
296
298
296
298
298
294
296
294
294
296
308
298
294
294
290
296
296
292
296
292
298
298
292
294
624
298
298
292
296
298
296
298
294
296
298
296
298
298
1066
296
296
296
296
298
294
298
296
296
282
296
274
280
1260
296
288
294
294
298
290
296
292
292
294
298
294
294
296
296
294
294
294
298
298
296
296
294
298
294
298
296
296
294
296
298
294
296
296
298
296
294
298
454
296
296
296
296
296
296
296
298
296
296
296
294
296
688
294
294
296
294
292
294
294
296
294
296
296
298
296
1122
298
294
294
294
292
298
294
294
296
296
294
296
296
1302
296
292
296
296
296
292
296
296
298
298
298
296
298
296
296
296
296
294
294
294
294
294
294
296
296
296
296
296
294
296
296
296
298
296
294
294
296
296
368
296
296
296
292
294
296
296
298
296
296
292
298
292
738
296
292
296
294
296
292
296
298
308
292
294
296
298
1024
296
298
294
296
294
294
298
294
294
294
296
294
292
1438
296
298
296
294
298
298
296
296
298
296
296
298
296
296
296
296
294
296
296
298
294
298
298
294
294
294
294
298
296
296
294
298
294
296
296
294
298
294
400
294
296
294
296
294
292
294
296
294
294
298
294
294
712
294
294
294
294
298
294
294
296
292
294
294
294
294
1066
298
294
296
296
294
298
298
298
296
298
298
296
294
1450
298
294
296
294
294
296
298
294
296
296
296
298
296
296
296
296
296
296
296
294
296
296
296
294
296
296
292
296
294
294
298
294
294
294
296
292
294
296
486
296
296
294
294
296
294
298
298
294
296
290
296
294
738
296
294
292
296
298
296
298
296
292
298
298
294
296
1126
294
294
294
294
296
296
296
296
296
296
296
296
296
1382
296
292
296
294
298
296
296
296
298
294
296
294
292
294
294
298
296
298
296
294
292
294
296
296
296
296
292
294
298
294
296
292
294
296
292
296
294
290
550
290
298
294
292
294
294
296
296
280
296
294
296
294
786
294
296
298
292
294
298
294
294
296
294
294
296
296
1270
298
296
296
294
296
296
294
296
298
300
294
294
296
1480
296
296
298
294
294
296
294
296
296
298
296
296
296
294
294
296
298
294
290
296
292
298
296
294
296
294
298
294
296
296
294
294
292
294
294
296
294
298
466
292
298
290
298
298
294
298
294
298
296
296
296
298
806
296
294
296
292
294
294
296
298
294
296
294
298
296
1184
296
296
298
296
294
298
294
298
296
294
294
296
294
1492
296
296
296
298
296
294
296
280
294
296
296
296
294
296
290
296
292
296
292
292
296
290
296
296
294
294
294
296
296
294
298
294
294
296
296
296
296
296
540
296
298
294
294
300
298
296
296
298
296
296
294
294
860
296
296
296
294
294
296
294
296
296
296
298
292
296
1172
294
294
298
294
296
296
294
294
296
296
290
298
296
294
296
294
298
294
294
292
298
294
296
296
294
296
296
294
296
296
296
296
296
294
294
294
298
292
296
296
296
296
296
296
298
296
296
294
296
296
296
298
550
294
298
296
296
294
296
294
294
294
294
296
292
296
858
296
298
294
298
294
298
296
298
296
294
294
296
298
1202
294
298
294
298
298
294
296
296
292
296
292
296
296
294
296
296
294
294
298
298
296
294
294
298
296
296
298
298
298
296
294
296
294
296
296
294
294
294
294
294
292
296
296
294
294
296
292
298
292
294
294
296
600
294
294
298
296
294
292
298
296
294
292
296
296
298
298
302
300
296
296
294
296
294
294
294
294
292
296
296
1324
296
292
294
296
298
296
292
296
296
298
290
296
294
296
296
292
294
296
296
296
296
296
296
292
294
296
296
296
294
296
298
296
296
294
294
296
294
296
298
298
294
296
296
296
296
302
294
296
294
296
296
294
522
296
294
302
294
296
296
296
298
294
298
294
296
296
960
294
296
296
300
290
296
294
298
296
298
296
298
298
750
294
298
296
298
300
296
294
296
296
296
298
294
298
298
298
294
294
296
298
300
296
296
298
292
296
300
296
294
298
298
296
296
294
298
302
294
294
294
334
296
296
296
296
296
302
292
294
294
296
300
296
296
294
292
302
296
292
294
294
300
296
296
296
294
298
294
988
292
294
300
294
294
292
298
306
298
294
294
296
298
1208
296
292
296
298
296
300
294
294
298
294
300
292
296
296
296
294
296
296
298
294
296
298
294
298
298
294
296
296
298
296
296
294
296
302
296
294
296
296
298
296
294
296
296
298
296
294
296
294
300
294
300
292
692
296
296
294
292
296
298
294
296
296
294
298
292
296
532
292
300
294
294
296
298
300
298
298
298
296
300
298
1338
294
296
298
298
296
296
298
296
296
294
298
292
296
296
292
296
296
300
298
294
294
296
300
296
294
294
296
1554
294
296
296
294
294
294
298
296
300
300
296
294
294
296
300
294
294
298
294
306
294
296
292
296
294
296
298
298
294
296
298
296
294
296
298
294
296
296
990
298
296
296
296
296
300
294
298
294
294
302
298
294
946
294
300
294
294
294
294
298
292
294
294
298
298
298
294
296
294
290
296
292
298
296
302
298
294
294
298
296
294
298
294
296
296
296
296
296
296
294
296
362
296
296
300
294
294
292
290
292
296
298
294
300
296
356
296
294
296
294
294
292
294
296
294
296
298
298
294
982
298
296
292
296
296
294
294
294
294
298
294
294
296
1474
298
292
294
294
294
296
294
298
296
294
292
296
296
1372
296
292
294
292
294
296
292
294
296
296
298
296
296
294
298
296
296
294
296
296
298
298
294
296
438
296
296
298
296
292
294
290
296
294
296
296
294
292
662
296
294
296
294
294
298
294
294
290
292
294
292
294
728
294
292
296
296
294
294
296
296
294
294
296
296
296
1378
296
296
296
294
294
296
294
298
296
296
298
298
296
292
296
300
298
296
294
296
294
294
296
296
294
296
294
296
292
296
296
296
294
296
294
298
300
296
304
294
296
296
296
296
296
296
296
296
294
296
296
296
738
294
294
294
294
296
294
292
296
294
292
296
298
294
1184
300
294
296
296
292
294
294
296
296
298
294
294
296
1078
296
294
294
296
298
298
298
300
302
300
300
302
298
1564
298
296
298
298
298
296
298
300
300
298
300
300
300
298
300
300
296
298
298
296
300
296
298
300
300
300
302
294
300
298
300
300
300
298
298
300
300
302
554
296
302
300
302
296
300
298
302
302
300
300
300
296
802
296
300
302
300
300
298
298
296
296
298
298
298
300
1168
300
296
302
298
298
302
302
296
298
300
298
300
300
1024
300
296
300
300
300
298
296
302
300
298
298
298
300
300
298
300
302
302
300
300
300
298
298
298
298
298
300
300
296
302
298
300
296
300
298
296
298
298
670
300
300
298
302
296
300
300
296
298
300
294
298
296
352
296
298
296
298
300
298
300
298
296
300
300
296
298
1216
298
296
302
298
302
300
300
298
298
298
298
298
300
1540
296
300
298
298
300
302
300
300
298
300
302
298
302
1484
296
298
300
298
300
300
298
296
296
300
300
300
298
300
300
298
300
298
300
302
296
300
300
298
398
296
300
300
296
294
302
298
298
298
298
300
300
300
880
296
298
296
298
300
298
298
300
298
300
298
300
298
698
300
298
304
298
298
300
300
300
302
300
298
300
298
300
300
300
296
298
300
300
298
298
300
298
300
298
298
298
296
298
300
296
296
300
294
300
300
302
296
298
296
298
302
296
300
300
300
300
300
300
302
298
536
300
302
300
300
298
302
298
300
298
296
302
296
302
1004
300
298
302
300
300
300
302
304
296
294
302
298
298
1236
294
298
302
296
300
300
298
298
300
296
300
300
296
1054
300
300
298
298
296
298
296
300
300
298
300
298
298
298
296
300
300
300
300
294
300
296
300
298
300
302
298
296
298
302
296
300
298
300
298
298
300
300
646
296
298
298
302
294
302
304
302
304
300
300
298
298
890
298
298
300
294
300
298
298
296
294
296
300
296
300
1284
296
300
296
300
302
296
298
296
300
300
298
300
298
1568
296
300
300
300
300
302
298
298
296
298
298
300
302
1480
300
300
302
300
300
300
300
298
300
298
300
302
300
298
300
302
304
298
302
300
296
296
300
298
702
300
304
298
298
300
296
296
300
300
298
296
296
298
960
298
300
296
298
298
302
298
302
300
300
298
302
298
1376
298
300
300
298
302
298
296
300
298
298
300
300
302
1526
300
296
298
294
294
296
296
296
300
294
294
296
298
302
294
298
298
296
298
298
296
296
294
300
808
296
296
296
296
294
296
296
298
294
294
298
298
298
724
294
296
296
294
300
296
296
296
296
294
294
296
296
1290
298
294
294
300
294
298
294
296
294
294
298
296
292
294
298
298
298
296
292
296
298
296
294
296
296
300
296
1532
296
296
298
294
296
294
294
300
296
296
296
294
294
294
294
298
296
294
296
296
292
296
302
296
612
294
296
300
296
298
296
296
298
294
296
294
294
302
828
296
300
298
294
294
296
294
296
298
294
296
294
296
294
296
298
296
294
292
296
296
298
294
294
296
294
298
296
300
294
296
296
296
300
294
296
294
294
302
294
296
296
292
298
294
294
298
296
300
298
294
296
296
294
298
294
296
292
298
296
290
298
296
296
298
296
566
296
298
294
296
294
294
298
296
292
292
296
298
296
984
294
298
300
294
296
296
294
294
294
298
296
296
300
1228
294
296
294
296
294
298
296
296
300
296
294
298
294
300
292
296
298
294
300
292
298
296
296
300
296
296
296
294
298
296
296
294
296
296
294
296
298
296
296
296
296
296
300
300
298
292
296
296
296
294
294
294
652
298
294
296
298
296
300
292
296
294
292
294
296
296
1048
296
302
294
294
294
296
298
294
296
294
298
298
296
1336
294
298
298
296
296
296
294
296
298
296
296
296
300
294
298
296
294
300
296
294
294
294
298
294
294
294
296
296
294
298
296
296
300
296
296
296
298
296
294
296
298
296
300
294
296
294
294
302
296
296
296
296
296
298
294
296
296
296
294
294
294
294
300
296
292
296
978
302
296
298
298
298
296
296
296
298
296
294
292
292
1414
294
302
296
296
298
300
294
294
294
294
296
296
294
296
298
294
302
296
298
298
292
296
296
296
298
296
300
296
296
292
296
300
294
296
296
296
298
294
336
294
294
298
298
298
296
298
296
296
294
294
296
298
778
294
294
300
298
296
298
298
296
294
