426
414
418
412
416
426
414
412
414
428
432
410
430
416
706
414
412
414
416
416
414
870
430
410
416
438
428
416
412
420
412
416
412
414
410
432
410
410
408
414
474
432
416
412
412
416
416
412
420
474
412
412
416
450
410
416
430
412
414
410
410
416
414
418
412
412
412
416
412
424
416
1004
432
412
436
408
416
412
412
416
416
414
418
1286
412
424
428
414
420
426
454
430
410
416
430
412
416
414
410
414
416
414
1122
416
418
412
416
414
418
438
422
408
410
410
1016
456
430
414
416
488
416
972
456
412
412
416
416
410
412
430
416
426
418
1380
458
414
414
416
436
414
410
412
410
414
414
412
414
410
434
428
410
410
1264
416
412
412
416
420
434
416
410
428
416
470
412
414
420
414
416
426
412
1208
420
430
410
412
414
414
414
414
410
412
424
414
410
416
410
408
416
430
758
412
414
416
410
420
426
414
434
410
412
418
430
416
410
414
416
414
410
424
410
414
412
412
1204
412
428
416
422
412
430
716
408
408
408
410
416
424
418
426
442
414
416
412
416
412
418
424
412
410
878
412
416
418
414
412
410
410
416
452
410
418
410
422
432
414
426
460
414
418
414
436
412
430
414
416
422
430
414
448
414
410
418
430
422
412
410
426
410
410
412
410
440
426
416
408
436
432
416
426
686
410
412
422
412
410
410
414
412
442
428
424
422
416
430
412
418
416
420
440
430
434
414
416
416
416
412
412
410
414
416
1238
418
436
408
414
416
422
420
428
414
422
420
430
444
438
418
416
416
418
1092
410
434
410
410
420
424
432
416
428
416
410
412
412
460
412
420
414
412
542
434
412
412
414
434
410
418
412
416
428
412
1268
416
430
414
412
418
418
414
418
428
416
410
416
412
414
412
416
420
426
670
414
412
414
428
416
416
412
412
420
412
464
410
410
424
414
426
412
416
424
410
424
412
412
434
416
410
414
412
416
414
432
416
416
410
412
416
410
430
424
414
422
414
1266
410
410
414
414
414
466
1126
410
418
422
428
414
418
418
410
428
412
414
428
412
460
428
414
412
410
486
412
410
412
412
1336
414
416
414
414
426
410
948
412
420
428
432
420
416
416
422
418
412
428
422
418
410
418
420
424
444
978
412
416
410
414
418
418
412
410
414
416
412
1422
414
414
414
422
422
410
430
410
414
418
412
416
422
410
412
430
412
412
920
414
418
414
428
410
414
410
444
416
414
414
410
410
414
414
414
408
412
1268
414
418
432
414
412
414
412
418
426
414
414
1170
412
414
428
410
412
424
662
414
412
410
414
412
408
432
412
422
428
462
1256
426
416
410
412
412
410
410
432
418
408
412
420
414
460
418
414
416
424
1094
414
416
412
414
416
416
414
414
410
412
414
416
416
414
414
414
412
426
444
410
436
412
412
412
414
410
416
410
432
412
412
412
434
434
412
410
424
410
440
410
418
416
1028
418
412
420
410
412
412
1342
422
430
414
432
1510
414
432
418
422
418
412
1260
410
412
430
416
414
420
414
460
412
416
412
460
410
412
420
418
428
412
416
414
410
422
412
414
414
430
412
428
412
412
420
412
428
424
416
418
428
1148
416
414
412
424
424
410
418
412
456
414
410
1232
414
412
410
416
412
458
428
426
414
410
460
410
424
424
414
416
410
414
432
410
410
416
410
420
412
492
430
430
412
414
426
416
414
412
414
438
434
456
418
416
514
410
412
428
418
416
428
426
414
686
410
412
412
416
416
410
984
416
416
412
416
412
412
418
414
416
428
428
410
410
410
412
414
416
434
414
414
412
434
416
414
424
412
414
416
412
510
410
418
410
414
410
410
414
432
436
414
414
414
414
412
416
410
410
414
420
426
412
416
410
426
414
460
412
412
432
466
416
414
410
410
412
412
410
412
428
438
442
412
412
416
412
418
414
410
416
412
1140
454
420
416
428
434
416
422
420
452
416
412
414
416
412
418
464
418
410
1104
416
410
418
410
418
458
418
416
416
434
430
1082
412
414
436
410
414
416
868
414
410
424
416
412
414
454
412
416
410
424
1016
416
412
418
418
422
414
446
414
412
434
414
418
412
422
414
412
414
416
426
414
410
410
414
420
414
410
462
414
416
418
834
410
418
418
440
426
436
436
444
416
418
410
412
416
430
488
422
410
416
1196
414
418
418
412
414
410
424
424
446
428
422
1132
418
420
410
414
414
430
520
412
432
466
414
424
414
418
414
412
428
412
408
424
412
414
414
414
414
738
418
418
440
474
428
414
442
446
416
412
456
682
418
416
410
416
410
412
504
432
418
414
414
410
410
432
414
412
416
432
426
416
414
412
414
414
410
412
414
414
416
488
434
422
414
416
412
412
430
410
430
430
418
412
410
416
448
456
414
416
416
862
470
432
410
422
420
432
414
416
426
416
414
1122
410
424
414
428
426
410
410
422
414
410
424
410
416
414
482
412
434
410
1294
502
428
416
416
410
432
652
410
426
420
414
414
412
422
410
412
414
424
1326
418
418
422
552
420
428
610
414
420
412
422
1326
424
414
412
412
432
414
430
410
424
414
414
426
410
414
412
410
412
410
414
416
416
418
412
414
410
1094
474
422
418
412
414
412
410
410
428
412
416
1358
436
436
416
414
412
428
752
410
426
418
428
414
464
410
410
420
414
410
414
414
412
414
408
434
414
422
412
410
426
412
412
410
456
412
410
418
410
752
424
416
410
414
418
410
440
414
432
432
426
1310
428
434
412
414
414
410
412
414
410
410
414
922
428
416
410
410
450
418
426
408
412
412
422
418
416
424
458
424
472
442
914
410
420
414
430
408
412
848
428
420
434
416
414
416
412
434
414
416
440
1352
410
424
414
424
424
412
756
430
492
428
418
420
414
414
420
414
414
426
410
416
410
422
416
422
412
416
412
428
424
416
416
414
416
414
418
416
416
902
416
432
410
414
416
414
412
416
416
416
426
416
412
416
422
418
440
416
466
416
412
416
416
418
414
424
416
416
416
420
430
410
422
416
436
410
412
482
414
470
410
416
1092
426
438
410
416
416
414
900
472
460
414
414
416
410
414
430
430
416
416
412
412
414
416
410
412
410
1048
420
432
412
418
418
418
464
420
420
410
414
410
412
412
410
412
412
410
420
418
420
426
414
420
410
434
424
414
414
478
886
418
420
414
416
412
416
460
410
410
452
428
412
414
412
414
414
412
462
668
430
420
410
416
456
432
414
422
414
410
420
426
418
432
414
434
416
410
412
424
432
428
416
1498
414
412
416
412
410
430
848
426
414
418
442
428
434
412
412
424
442
430
1028
412
458
1130
410
412
412
790
470
430
412
410
932
436
432
408
414
416
438
438
416
414
500
414
410
426
414
412
410
426
412
1360
416
422
414
414
412
412
1092
416
412
416
412
416
410
416
426
412
438
428
1356
414
410
418
418
410
414
784
428
414
418
412
410
412
416
430
410
412
424
424
420
416
412
412
414
436
500
418
432
412
458
412
422
410
414
468
410
412
1334
430
412
438
414
414
428
410
418
412
412
420
1186
472
414
416
414
420
418
416
464
448
414
414
416
410
412
418
412
414
410
414
416
412
410
458
412
410
426
410
412
428
412
986
428
412
414
408
416
412
1498
418
424
410
416
416
410
410
480
414
412
430
416
424
514
410
414
414
414
1098
410
436
412
412
418
410
414
414
432
414
416
538
420
460
420
484
434
416
796
430
410
412
416
458
412
414
410
422
416
414
1346
436
414
424
432
410
424
412
430
432
420
412
414
414
412
410
416
418
410
1022
422
430
420
414
414
414
440
432
410
416
434
414
442
420
414
416
430
420
482
464
416
424
548
1106
410
410
428
424
410
414
1300
414
462
422
460
430
436
412
458
448
430
554
410
434
412
436
414
412
416
438
416
466
426
412
414
434
414
414
422
414
420
454
434
410
416
418
412
410
788
480
412
426
416
410
416
410
412
418
508
430
458
492
414
416
418
414
414
584
422
424
426
416
482
424
412
432
472
418
414
778
418
428
410
422
414
416
412
412
418
416
412
462
412
412
416
426
414
428
834
412
416
426
410
416
412
432
410
414
414
414
412
416
414
426
422
414
416
778
410
412
412
428
418
430
420
426
416
422
460
768
458
464
436
430
412
412
462
410
416
416
446
434
414
408
412
418
414
410
932
426
414
418
462
412
412
416
416
428
414
418
1226
428
426
434
414
434
410
418
416
412
428
416
858
410
414
418
410
410
410
1376
438
426
418
410
416
412
414
416
408
422
434
1378
414
410
414
412
418
414
1296
436
418
430
410
412
414
416
412
444
412
436
414
414
426
414
410
416
424
412
414
410
414
428
416
418
414
424
408
424
414
420
410
414
416
422
416
412
424
416
414
434
410
962
412
422
410
414
418
410
1174
456
412
412
502
410
436
414
410
410
414
412
860
428
470
430
412
426
414
414
456
444
414
530
570
410
412
412
412
410
414
432
414
438
416
414
412
416
434
414
414
412
412
410
460
410
416
426
436
412
1168
410
416
426
414
412
414
410
410
410
412
418
414
410
412
432
412
410
414
746
416
416
414
444
410
412
486
424
414
416
410
440
422
414
420
410
410
414
666
412
416
416
416
1058
410
414
434
412
430
410
1364
414
418
416
410
464
412
426
412
416
420
424
416
444
414
442
416
418
418
948
414
410
412
424
412
412
428
410
424
414
424
416
422
434
414
422
410
416
736
410
424
426
418
540
428
412
412
414
414
440
1380
422
416
438
412
436
410
410
410
424
410
420
434
410
440
410
410
416
410
660
412
416
414
454
414
412
410
410
412
410
410
414
412
414
438
414
410
410
948
416
416
412
414
1206
412
410
412
416
410
412
1498
414
414
412
414
412
410
434
412
420
410
416
412
432
412
410
470
414
448
448
414
408
418
434
410
416
412
414
412
418
426
1088
416
428
430
410
412
430
414
414
432
412
420
414
418
410
412
412
416
464
420
412
412
428
436
414
414
460
410
414
466
414
418
410
412
412
416
434
414
510
458
418
414
424
412
414
426
416
436
412
410
1024
436
422
416
460
424
416
770
408
412
410
418
428
412
414
462
410
410
432
458
410
434
422
416
416
444
420
412
414
414
412
408
482
412
410
412
414
416
414
422
414
416
412
408
416
416
412
412
412
414
412
414
424
408
412
414
428
906
422
420
410
424
416
418
420
432
418
450
438
1472
416
410
424
460
410
418
424
414
410
412
412
410
414
414
410
428
414
422
1038
412
414
412
424
410
410
410
414
426
412
412
410
450
418
422
412
412
412
670
418
418
430
418
1264
418
410
426
410
414
410
1192
414
408
410
410
470
418
516
414
410
424
418
416
426
414
434
412
412
414
1256
430
410
410
418
416
414
422
426
414
410
426
1318
436
426
426
420
418
410
894
410
434
426
414
1342
412
416
416
410
412
414
410
432
416
426
416
416
414
432
472
410
426
410
1202
412
410
412
416
412
416
412
410
410
414
454
496
414
426
410
414
414
440
412
412
414
412
426
410
412
910
430
412
412
416
1008
410
414
410
414
410
410
408
414
410
410
432
418
414
512
424
412
414
414
1222
456
410
412
416
416
410
1358
420
410
412
418
410
416
430
426
410
410
428
1178
426
432
414
428
416
416
412
412
418
424
414
418
412
410
430
408
480
422
418
414
460
426
414
414
408
1218
414
410
414
408
414
410
440
410
414
462
410
632
410
416
416
430
1380
464
418
420
416
414
418
434
432
410
410
412
414
416
912
414
420
416
460
430
414
418
424
410
418
412
588
426
420
442
414
416
418
486
464
414
412
412
410
424
520
416
416
418
414
424
414
458
412
412
412
410
410
424
422
428
414
882
416
430
414
428
416
410
1138
426
410
416
410
410
434
412
412
412
418
412
970
412
412
428
414
410
422
412
414
414
414
410
800
410
416
412
428
414
414
422
414
416
412
476
412
410
410
410
458
414
416
1272
412
416
414
412
416
410
832
416
412
416
410
1054
414
458
416
412
416
414
418
408
414
420
428
410
416
1008
434
418
416
444
514
430
418
410
414
428
432
1320
414
412
422
474
412
460
414
460
410
414
412
412
414
426
412
416
414
410
1084
412
412
410
412
410
412
414
428
414
414
412
412
412
410
438
432
422
410
774
418
432
416
412
412
426
418
412
412
412
410
416
414
416
414
474
416
412
412
412
414
410
426
420
434
416
412
422
460
416
422
458
428
430
416
426
412
432
414
412
414
426
1280
418
414
416
412
420
414
466
422
432
478
412
512
428
412
434
482
416
412
974
412
496
410
424
414
416
426
424
414
488
414
416
418
446
424
408
420
412
1060
410
410
414
416
424
408
412
424
412
436
432
416
412
412
426
410
416
410
928
440
416
410
414
412
410
526
432
434
414
416
1192
414
416
410
458
414
412
472
420
412
416
418
1404
408
430
426
418
418
412
1220
414
410
410
414
976
430
410
424
412
440
420
410
428
416
412
418
484
412
918
430
436
418
424
422
424
470
414
416
412
430
988
414
426
414
412
420
460
594
444
412
412
410
414
422
428
412
410
416
432
1168
412
414
412
410
410
414
414
424
414
416
416
1214
410
414
430
410
410
410
1184
414
418
414
410
430
412
432
420
414
416
426
1052
408
412
414
428
410
412
416
412
414
412
412
410
412
428
424
442
410
412
978
416
412
416
434
1414
414
432
412
410
410
424
410
418
414
418
412
410
414
1160
414
414
416
412
416
428
414
412
416
440
412
412
414
434
414
416
412
410
636
474
416
412
410
412
416
434
426
460
468
410
444
414
446
412
412
422
414
420
442
410
412
414
834
410
410
432
436
462
414
1036
416
424
462
412
416
420
422
410
420
408
410
1378
416
414
416
428
416
416
418
414
414
414
414
416
416
416
422
426
430
414
1096
440
420
412
420
1516
456
464
414
434
412
414
416
422
414
462
418
432
424
1144
410
414
412
424
416
436
422
410
426
416
414
412
416
412
412
412
412
412
788
466
420
418
412
418
412
424
422
414
434
460
1196
414
416
414
414
414
414
428
410
410
410
410
1394
410
462
446
416
416
412
1200
414
428
420
410
420
414
414
428
418
428
414
998
414
422
418
430
410
414
600
410
410
416
410
418
412
410
414
418
462
414
410
416
420
410
426
1286
428
614
408
414
414
412
414
418
414
418
410
414
410
1262
408
412
414
412
420
470
414
412
412
412
416
412
410
422
416
414
416
414
546
412
422
416
416
412
416
428
410
412
414
412
414
414
416
412
408
410
410
410
412
410
412
436
1218
410
416
448
460
416
408
1020
410
420
410
418
412
462
420
416
416
418
418
1330
412
414
414
430
410
410
998
428
432
412
426
426
418
422
412
410
414
414
412
412
460
430
436
428
410
474
416
420
418
426
436
438
412
412
414
412
412
924
416
422
420
462
416
472
410
412
412
436
460
1188
442
410
432
424
462
420
710
412
418
470
414
416
416
434
412
414
414
430
414
416
414
412
428
410
414
412
412
438
414
422
416
470
412
424
416
412
430
416
414
412
420
410
432
412
420
412
410
412
418
428
410
418
418
434
430
416
416
410
420
412
414
414
410
410
426
412
414
414
416
414
424
414
410
430
418
668
414
410
414
414
430
414
414
412
410
428
412
1500
420
412
414
414
414
426
416
434
414
420
412
1284
412
414
424
414
414
416
1100
416
432
414
414
412
420
424
412
414
414
410
1344
416
412
410
412
416
408
688
416
412
418
414
418
412
412
424
424
428
418
416
432
410
412
414
434
410
432
416
416
410
412
410
412
472
426
438
426
412
1136
410
414
426
464
414
412
416
410
412
410
416
424
426
416
412
432
446
416
606
420
414
410
412
1408
412
410
442
412
414
440
412
414
416
412
416
410
428
420
420
416
414
410
410
420
414
424
412
410
418
1416
416
412
416
412
418
410
432
412
414
414
414
416
426
410
420
414
416
434
890
410
458
422
410
416
422
412
442
412
414
422
432
416
410
414
564
412
410
414
414
416
410
416
1286
416
424
410
434
482
410
1154
412
418
412
432
426
416
412
420
414
410
412
414
412
416
416
418
434
416
568
416
426
430
424
408
426
422
438
410
414
412
422
418
410
410
412
412
424
412
418
410
418
422
414
412
410
418
416
412
412
1166
414
416
410
410
410
410
426
412
414
414
414
412
434
412
410
410
410
416
874
424
414
412
414
414
410
410
424
428
410
414
416
412
416
414
412
412
410
678
414
414
410
414
416
416
422
416
426
416
416
1408
410
414
412
412
412
410
730
412
416
416
420
424
458
418
428
428
426
412
770
460
416
414
416
934
410
428
412
458
414
416
430
416
414
418
416
410
424
612
416
408
458
412
412
410
414
436
414
412
410
1336
412
410
414
414
416
424
446
412
414
412
410
418
426
410
414
422
420
424
898
422
436
442
418
424
422
414
426
410
414
416
412
416
412
408
442
540
414
542
414
414
418
542
410
408
414
418
440
410
416
410
412
426
416
410
412
422
408
420
410
436
416
414
412
412
422
410
436
506
1026
412
412
412
414
410
410
458
410
430
414
460
416
410
418
460
414
412
424
808
422
430
410
430
420
430
414
458
412
420
442
1108
410
412
418
412
410
410
436
414
410
414
410
422
412
414
414
414
418
410
792
416
414
410
410
414
414
412
426
410
414
428
416
414
430
412
416
410
410
1050
416
434
412
416
412
414
416
422
426
414
416
416
414
416
414
412
434
416
1418
410
410
420
414
412
412
414
414
410
442
416
1206
418
524
430
416
426
420
414
414
414
424
412
414
412
414
432
412
412
438
668
412
418
416
426
418
414
416
416
410
412
414
738
422
422
414
414
410
424
428
470
462
410
414
414
408
410
428
416
422
414
1396
434
410
416
412
412
412
418
434
414
422
438
1008
412
416
414
458
418
410
792
412
410
464
418
408
412
412
420
474
414
410
414
412
416
424
414
424
426
410
412
416
416
412
1244
432
412
412
438
430
414
932
422
432
424
426
418
434
420
414
426
414
414
624
438
444
424
412
420
430
948
414
428
414
410
414
416
412
414
414
430
416
1334
414
414
410
416
410
412
424
416
414
412
414
432
410
414
426
458
412
414
1216
414
408
422
432
424
412
428
424
430
414
414
428
414
434
408
436
410
424
616
412
414
430
414
1502
416
424
412
426
418
432
430
410
414
416
414
414
410
436
428
414
414
434
410
426
414
430
422
424
426
458
416
410
412
422
412
432
416
414
416
410
426
414
430
410
412
410
432
434
1142
414
416
414
410
414
412
410
418
414
416
416
412
410
466
410
408
432
410
432
410
410
414
414
1378
412
430
424
424
416
432
414
416
410
416
418
414
418
472
424
416
412
416
412
414
436
416
412
474
420
1144
426
432
526
432
410
462
414
420
430
418
414
1316
410
466
416
412
414
416
890
458
412
416
418
412
412
410
448
418
454
410
412
440
414
414
410
414
420
418
410
410
414
420
416
412
412
462
418
414
428
600
412
422
416
430
412
412
416
412
412
412
458
1250
428
410
416
412
426
412
434
414
414
418
428
414
412
416
412
428
418
432
420
414
420
434
414
416
410
802
474
414
412
416
418
464
420
412
412
416
412
1142
416
412
410
426
414
414
414
410
428
416
410
414
418
414
410
462
412
414
1002
412
416
412
412
416
410
464
410
412
444
410
414
412
412
410
416
442
414
532
410
408
410
414
416
410
410
412
416
410
426
540
410
424
410
416
420
434
416
426
420
476
418
416
416
414
410
412
432
424
442
414
414
410
408
412
430
416
410
416
410
428
1372
412
418
420
446
408
414
760
442
412
416
424
420
410
414
410
412
426
440
412
410
410
414
416
410
416
412
420
428
412
414
1304
414
412
414
408
458
408
860
418
414
416
430
416
414
410
410
410
432
416
434
416
416
410
416
462
418
468
416
408
416
412
422
410
428
512
520
464
436
1232
418
416
424
438
410
418
412
420
440
416
412
412
422
430
422
422
410
412
428
410
430
412
428
412
414
424
416
414
412
412
416
414
412
412
410
410
414
418
456
410
422
422
416
410
412
414
412
414
410
1326
414
412
432
412
414
412
410
414
426
418
432
1202
412
412
416
410
426
414
952
412
410
412
418
414
416
408
432
418
424
414
986
424
410
472
412
410
416
494
414
410
412
414
1360
426
458
474
408
410
424
412
410
430
438
410
414
422
426
430
410
414
412
1192
414
414
430
416
416
416
424
434
414
410
426
1318
410
414
416
420
412
410
416
428
418
410
416
416
412
416
426
408
414
426
410
412
416
416
436
416
412
412
458
424
420
412
410
418
412
436
430
420
410
904
412
416
412
410
410
416
1248
416
410
416
410
418
416
414
504
412
432
426
1176
410
412
410
418
432
460
422
426
410
412
410
430
432
414
464
444
412
428
430
432
412
408
432
428
412
436
412
410
460
438
1196
418
414
410
418
424
414
428
412
410
414
410
410
412
414
412
412
412
414
436
414
414
420
418
422
416
928
430
412
414
412
416
410
432
414
414
416
416
1128
438
414
414
412
414
412
588
420
426
416
412
430
416
414
418
412
424
416
424
434
454
502
412
1048
418
412
416
416
426
410
416
414
412
414
412
428
420
892
416
414
414
424
1190
414
414
412
412
416
426
418
416
410
412
418
410
416
528
412
410
412
412
1286
412
410
414
476
426
416
430
430
410
416
434
412
414
414
416
416
410
414
426
428
414
414
412
414
414
964
492
410
412
418
426
412
414
410
412
416
412
410
410
414
410
412
412
414
446
412
424
408
422
410
418
418
414
418
416
416
1388
410
412
416
412
410
412
408
416
416
426
422
430
414
414
414
428
426
418
796
412
424
446
410
420
410
410
410
408
414
426
416
410
410
416
474
414
414
410
414
408
414
432
414
412
436
414
410
428
428
424
418
418
410
412
810
414
412
416
438
408
414
410
424
428
418
416
410
414
408
476
422
412
412
410
410
434
414
416
410
410
1072
412
420
412
414
412
412
682
408
426
416
414
432
428
430
422
414
414
412
1358
414
414
424
412
430
414
468
428
410
430
414
1094
410
428
418
412
432
414
1216
416
416
416
416
414
414
408
414
432
420
426
416
410
412
416
420
412
412
1164
424
432
434
412
412
414
416
414
414
410
410
446
412
412
426
414
410
412
418
410
420
416
426
412
428
414
418
416
414
410
1164
430
418
410
412
420
412
410
412
424
412
414
1298
414
416
412
414
414
416
1012
414
424
412
414
412
430
430
412
418
460
416
416
418
422
414
462
436
410
430
414
414
426
414
1174
410
424
412
414
412
432
1146
414
420
412
414
416
412
416
428
432
414
428
436
410
414
424
428
408
416
1000
412
418
416
414
412
458
410
410
420
414
422
444
428
416
410
420
416
416
422
418
462
418
436
1290
418
414
408
434
420
418
1356
432
410
412
414
412
416
414
412
412
418
412
412
408
416
410
414
414
426
416
414
430
414
432
412
416
422
410
418
416
434
1220
