434
458
456
456
460
456
580
456
464
456
468
456
478
450
468
480
464
464
1302
464
474
522
472
480
464
532
488
464
464
476
472
478
480
462
468
516
464
1084
476
468
468
492
464
504
458
464
478
474
494
470
464
462
482
464
486
1122
624
466
470
468
478
474
494
470
478
478
468
462
1168
528
468
476
494
492
470
534
490
492
468
490
470
542
466
472
468
466
470
840
466
462
470
466
474
456
480
586
472
472
464
1380
470
462
464
494
478
464
838
462
466
464
476
470
462
476
476
478
458
468
1390
472
462
468
484
464
480
466
470
468
458
474
870
462
544
470
494
496
490
874
494
494
468
468
464
474
482
470
472
480
466
796
472
458
464
466
494
482
576
464
514
468
484
706
474
470
472
464
464
468
470
480
470
482
480
486
472
480
468
474
468
466
468
458
458
480
480
484
492
1166
452
454
456
460
450
454
488
474
464
462
458
444
452
456
472
476
484
460
708
456
458
456
498
450
456
446
456
476
452
674
1414
470
458
472
468
476
462
608
462
486
470
470
466
486
474
484
470
1352
472
950
472
468
456
478
462
462
468
472
464
466
466
470
468
470
462
468
482
492
736
474
470
468
470
462
478
476
474
474
468
468
482
474
466
484
486
470
468
478
470
470
468
470
1388
474
470
462
472
466
474
482
492
470
462
470
474
464
524
472
490
472
466
910
468
458
474
474
464
472
478
462
486
468
468
1314
476
480
466
476
470
824
1252
466
460
470
474
468
470
596
470
478
490
462
466
472
474
468
468
788
474
1252
466
466
470
472
476
474
466
476
472
466
470
466
466
468
468
464
476
494
718
456
454
460
456
462
466
472
468
472
474
474
472
478
464
460
470
468
480
476
478
484
466
468
460
466
468
470
470
482
464
954
480
486
468
534
544
474
520
458
470
470
468
1314
482
468
468
462
486
470
810
476
464
476
476
488
470
456
470
534
488
464
1124
466
486
470
464
470
468
478
486
470
466
472
462
468
474
470
466
478
480
472
478
474
466
458
466
474
492
470
474
474
486
862
470
470
474
466
474
472
926
474
468
466
466
482
464
478
466
474
468
482
480
486
510
456
460
588
452
512
456
476
460
458
458
454
458
460
460
446
458
1358
474
458
476
456
458
448
474
462
460
456
456
476
478
446
454
452
468
452
814
454
460
450
456
466
460
456
456
464
460
452
456
474
444
476
468
462
458
452
460
514
458
458
450
452
454
454
472
972
456
456
456
464
460
464
454
456
574
456
456
458
452
1276
452
468
468
460
452
484
834
464
468
452
462
458
468
458
474
456
464
478
508
452
462
444
460
502
444
468
462
456
462
448
456
452
458
458
458
456
454
458
458
464
464
452
456
460
474
492
458
454
454
452
458
456
462
460
456
452
1018
472
458
456
456
456
452
474
476
476
452
472
468
466
460
482
456
456
458
548
460
476
462
458
1152
450
452
508
474
666
476
1298
468
516
446
492
458
464
500
452
468
468
462
1532
464
464
470
454
474
462
1174
450
476
462
462
462
460
452
460
460
460
458
474
468
464
456
452
454
460
464
460
462
456
456
458
456
504
458
456
456
456
480
458
452
466
460
464
498
460
458
456
452
460
1192
486
458
456
460
466
450
844
456
462
462
446
476
458
452
468
464
454
452
444
458
476
452
458
456
460
456
478
456
472
456
458
474
460
456
480
472
458
462
456
460
456
456
466
456
454
470
456
470
476
474
456
476
482
454
444
470
638
456
458
462
480
454
468
460
460
452
462
468
460
458
456
454
456
460
460
484
456
454
460
462
476
454
456
452
474
476
468
458
462
458
476
458
452
456
460
464
458
454
462
460
458
456
472
476
460
464
1162
468
452
454
452
464
462
476
448
462
460
462
478
444
514
476
452
456
460
464
460
456
460
474
1398
460
458
458
458
484
458
470
456
456
452
456
460
456
456
456
456
456
478
458
468
444
454
460
460
464
1016
452
472
472
466
466
480
464
476
456
452
458
456
460
460
462
444
472
454
460
462
458
452
480
460
464
470
454
456
468
468
480
462
468
456
458
460
466
458
464
466
476
454
1264
460
452
456
458
460
482
1024
456
476
476
456
456
456
454
458
464
456
458
452
468
446
454
452
456
462
874
460
456
456
468
1238
468
458
476
456
488
460
456
452
456
454
456
456
464
470
476
474
466
456
456
468
456
456
468
456
532
458
464
462
454
454
450
456
460
476
456
456
454
456
472
468
456
452
460
452
458
460
468
456
458
460
456
456
456
460
452
460
476
454
454
476
462
464
458
452
464
454
460
466
450
468
450
456
462
456
458
1172
456
464
466
466
458
458
450
458
464
476
454
462
456
454
454
462
450
460
898
462
454
458
458
454
452
460
476
460
476
462
454
452
456
456
474
478
480
464
460
472
444
476
456
456
458
456
474
452
464
1292
488
454
460
460
460
458
470
460
478
460
460
1374
458
476
450
478
460
460
456
460
472
476
462
456
446
476
456
472
450
472
1182
456
456
454
468
454
468
474
484
456
462
458
460
458
456
456
460
452
478
1366
458
454
460
458
464
564
458
450
462
460
454
456
446
468
468
478
500
456
940
452
466
454
456
450
446
456
462
464
470
484
454
454
462
456
458
454
456
604
476
452
456
456
1350
474
460
456
470
456
460
1094
460
468
480
460
448
452
458
460
456
464
458
1430
460
476
452
468
456
460
470
452
454
460
460
456
454
452
452
456
460
454
452
458
456
462
508
480
460
644
462
456
460
448
1344
458
462
456
456
474
452
1072
444
454
470
462
456
458
450
452
464
452
470
1158
452
474
456
456
456
464
906
456
454
458
456
458
456
452
458
470
1316
456
462
452
450
454
452
460
500
484
486
520
494
472
488
478
492
488
476
476
474
1426
466
462
482
476
472
458
462
458
452
502
476
1542
470
450
456
456
472
456
464
472
454
456
450
448
454
476
448
456
456
456
580
462
464
458
456
466
468
488
462
452
456
462
452
446
468
456
448
460
454
466
462
462
516
472
456
448
452
450
476
474
458
726
458
452
458
458
456
464
1350
452
448
466
476
472
456
458
462
456
1048
468
456
458
454
460
476
458
460
504
456
452
454
470
460
454
462
452
476
444
480
1244
468
452
460
470
452
458
460
454
464
458
472
460
464
462
456
458
458
456
552
472
456
472
460
478
460
454
452
476
454
456
458
478
464
458
460
452
454
446
470
464
456
462
456
460
460
466
472
452
460
1256
462
460
462
464
508
458
472
454
480
452
456
464
452
454
454
452
502
456
1004
460
460
462
468
454
460
462
456
452
484
456
1308
458
468
452
456
456
468
722
476
472
456
456
1274
472
456
456
454
456
468
1164
456
454
452
448
456
468
456
458
452
458
456
456
458
476
458
458
458
458
480
454
466
452
456
460
444
452
456
452
460
460
456
460
456
456
458
454
454
572
518
460
460
458
460
458
458
458
462
462
470
1342
564
460
456
472
456
454
454
470
476
462
458
456
462
476
452
576
462
456
514
456
446
454
460
458
462
456
458
454
466
474
458
508
452
456
460
456
456
508
468
456
456
462
456
478
456
482
454
456
462
456
458
456
452
446
458
458
472
456
460
454
456
458
462
456
460
448
460
468
462
456
456
460
456
468
464
472
458
474
462
458
452
456
456
458
456
466
458
778
480
454
460
456
454
456
456
464
456
454
454
938
458
484
474
460
456
456
520
450
464
460
466
452
456
460
486
454
480
452
1234
458
470
462
460
474
456
456
452
456
464
464
476
456
456
476
458
458
454
616
456
450
452
460
468
460
458
458
460
476
464
1260
456
464
458
456
466
468
456
458
460
456
460
468
472
460
460
466
458
456
472
466
478
472
460
460
464
458
456
446
450
472
1446
456
458
456
462
464
456
802
458
460
456
462
468
452
460
458
470
462
460
1160
462
452
472
460
458
456
504
456
476
524
466
1358
452
462
448
466
460
456
1246
470
456
458
458
476
472
460
456
456
470
466
478
452
456
456
452
456
474
958
456
456
452
460
456
478
458
456
468
468
458
454
454
460
456
452
456
456
616
458
462
456
456
468
444
476
456
460
460
456
464
458
456
456
458
460
456
456
452
472
456
456
452
468
456
470
474
450
470
936
508
488
484
468
472
486
478
468
470
468
472
468
468
478
472
464
456
466
466
464
468
464
470
472
486
496
458
470
468
470
994
478
486
466
464
466
472
468
468
494
492
494
482
474
488
486
482
472
554
922
468
478
468
482
462
486
468
468
462
464
486
468
466
462
466
470
472
468
468
526
468
522
476
1280
464
464
470
468
478
474
538
476
538
488
466
472
462
462
474
478
466
478
492
478
468
470
466
464
470
522
496
464
466
462
484
470
466
474
486
470
490
1290
470
470
488
470
464
476
470
474
480
468
472
470
470
466
482
478
470
466
1100
464
466
470
470
458
482
474
466
464
482
478
486
492
464
466
478
488
468
974
486
478
474
468
462
488
474
468
466
462
492
1104
468
474
472
470
1252
462
470
470
476
474
466
1130
466
474
468
470
470
466
480
466
520
470
490
470
482
482
484
466
470
470
480
486
456
470
474
494
466
762
476
476
466
468
470
456
464
468
466
482
490
464
494
470
478
464
486
486
568
468
480
498
458
462
474
470
468
488
602
486
992
476
486
480
474
478
478
486
484
470
478
468
494
472
474
470
468
470
464
910
468
490
466
470
478
470
466
484
486
472
472
1334
464
462
472
468
480
486
608
474
464
466
458
476
462
464
466
464
470
470
478
470
472
482
470
488
458
474
468
470
486
466
1570
486
470
482
486
456
468
756
484
478
460
486
1474
456
476
462
468
464
472
466
470
478
486
486
486
518
572
470
480
482
472
464
464
470
482
460
470
458
1188
470
480
474
474
468
470
470
470
470
490
524
474
460
470
486
490
484
480
762
472
466
470
472
474
478
466
474
462
474
490
474
458
466
470
468
470
468
712
482
474
468
470
466
474
466
466
466
470
492
482
484
470
480
490
464
494
490
468
470
466
470
1358
462
470
492
470
468
480
640
476
468
466
466
478
488
468
474
468
470
468
490
382
398
378
394
396
398
396
382
378
374
382
382
384
378
380
374
384
378
376
384
380
382
498
376
374
378
388
388
390
374
380
376
380
382
400
378
382
376
390
380
382
378
736
388
378
376
400
394
424
378
382
382
382
400
394
388
378
380
378
374
376
548
388
398
382
376
374
390
380
380
378
376
382
704
404
394
380
374
392
378
382
374
376
378
398
382
402
394
390
380
380
378
686
388
486
378
380
384
394
396
392
386
378
378
598
390
378
382
376
396
394
688
374
376
382
376
380
376
376
404
374
380
384
1288
388
374
384
374
386
378
388
378
378
378
374
374
378
378
402
382
382
386
998
374
374
522
382
378
380
380
380
380
378
378
1190
390
386
380
376
376
374
514
394
378
430
380
414
382
382
388
378
402
388
1282
388
378
398
386
378
378
430
378
380
384
380
380
382
378
386
380
374
374
684
382
384
378
386
374
378
390
380
384
384
382
378
374
380
384
394
388
382
644
378
378
374
378
394
386
374
402
390
378
378
1300
380
382
378
380
374
378
398
462
384
396
378
384
382
390
380
378
398
378
1114
386
376
400
378
378
390
380
398
378
380
380
1132
394
378
380
380
382
398
378
394
380
402
380
378
374
380
378
376
378
380
382
380
398
394
374
378
380
382
374
378
384
374
376
378
398
386
380
380
398
1248
390
386
374
390
386
392
914
378
380
388
382
378
376
380
382
378
378
390
542
374
378
382
378
384
384
378
384
390
398
380
378
376
390
384
374
374
374
384
390
398
400
376
378
388
408
378
378
380
390
612
398
382
380
380
374
390
386
384
374
376
376
374
386
378
378
386
376
382
644
378
380
380
390
376
388
378
374
386
374
380
378
388
378
392
390
390
376
386
394
380
378
380
378
398
396
374
388
382
374
964
380
392
380
374
398
384
592
394
380
380
386
402
376
384
378
384
382
446
378
386
382
394
380
382
382
420
376
378
382
392
1284
382
374
378
378
1056
380
378
378
376
378
380
382
378
382
382
394
384
384
1158
378
380
378
388
382
378
450
428
384
380
382
382
374
380
378
380
380
378
378
392
378
446
378
374
378
398
378
384
382
378
384
384
400
378
380
380
380
400
382
380
378
380
384
376
382
380
380
380
388
984
400
384
378
380
378
378
486
378
376
390
382
378
382
382
402
394
382
396
840
378
388
374
374
382
380
374
376
378
378
384
380
398
384
376
378
384
380
402
382
390
382
382
378
384
384
378
396
392
374
752
386
382
380
378
374
522
382
378
382
380
386
388
394
382
378
378
400
374
826
398
400
378
380
390
382
378
382
384
394
382
374
378
378
500
392
378
378
432
376
380
384
382
378
378
382
374
402
388
382
1328
382
372
374
374
378
378
386
374
392
376
382
1142
384
380
388
386
378
382
866
382
378
394
378
380
386
378
378
380
378
374
398
382
378
374
384
376
388
400
380
382
384
380
384
392
424
378
380
400
386
378
378
382
382
376
390
378
378
384
382
378
380
384
382
388
394
382
382
392
872
378
386
376
384
380
382
394
396
376
378
382
382
378
376
376
378
378
376
408
378
382
382
378
378
382
378
378
382
382
374
1138
374
378
406
378
396
384
384
382
384
378
378
384
380
382
388
378
398
372
766
378
378
378
398
374
380
402
386
378
376
382
654
380
376
378
380
526
378
384
378
380
382
384
378
376
380
384
396
374
376
1044
384
398
392
384
376
398
396
378
396
380
376
446
378
388
374
388
378
380
744
378
394
386
380
378
378
382
380
374
396
396
1094
398
382
382
380
378
380
474
380
376
378
378
378
378
376
374
392
392
394
1154
378
378
380
378
378
386
372
398
374
382
376
378
390
374
378
378
378
378
736
414
378
376
380
378
384
378
378
374
374
378
378
374
380
386
376
1220
406
378
382
378
378
382
382
386
562
376
380
382
374
1292
378
378
392
378
386
378
380
374
392
382
382
378
386
382
378
378
384
382
1004
382
374
382
378
374
374
412
396
382
376
378
386
376
378
378
376
378
376
560
380
378
374
416
388
380
380
388
376
378
390
1026
380
392
384
390
374
378
374
378
378
374
374
378
398
392
378
376
394
390
868
378
376
376
382
378
382
378
378
384
378
388
374
376
380
382
378
886
384
394
378
396
382
382
378
380
420
390
390
400
394
1470
378
390
382
378
374
378
388
384
378
384
376
390
382
382
390
376
388
374
1304
374
396
394
382
386
382
374
376
374
446
374
394
394
378
378
376
394
388
460
386
376
378
422
378
380
376
378
378
378
378
1212
388
394
378
404
374
394
378
392
374
400
380
398
398
376
378
378
390
386
828
378
376
404
374
378
394
372
378
382
374
384
382
378
378
378
382
390
388
390
392
378
374
382
382
396
398
390
376
386
378
382
378
380
378
376
378
374
656
378
378
378
374
392
388
378
376
394
388
374
724
378
378
392
376
384
382
402
380
396
386
376
382
376
384
378
394
374
378
404
380
384
394
382
378
378
374
382
378
382
382
1296
384
378
382
378
378
390
382
384
376
398
402
382
378
384
378
380
402
390
410
374
382
376
374
378
384
380
382
384
378
376
378
378
380
378
378
386
382
630
378
390
380
376
380
378
438
394
430
386
390
1082
374
384
378
394
378
386
382
380
378
374
384
396
380
378
374
374
374
378
418
378
398
376
374
386
378
390
386
374
376
374
372
374
394
380
382
382
398
386
442
382
390
374
374
374
380
400
378
394
382
1462
380
382
376
398
398
378
396
378
380
382
372
374
382
378
376
382
402
374
890
398
378
382
378
390
378
484
380
376
378
378
394
378
386
396
380
374
378
670
422
378
384
382
374
376
642
382
376
380
378
1218
376
392
378
376
380
388
474
378
378
374
380
374
386
378
386
374
374
426
1140
378
378
380
378
394
390
378
384
378
380
378
374
390
378
376
374
398
378
586
378
404
396
386
380
382
374
392
378
376
420
826
386
394
376
438
390
376
400
400
378
378
388
380
378
374
422
378
376
398
1116
384
378
378
378
378
378
378
406
372
380
382
382
382
382
386
384
376
398
808
382
382
392
376
398
392
392
372
380
394
390
374
374
388
378
386
396
396
376
372
382
374
396
376
398
376
378
398
372
378
1096
380
392
382
384
388
378
378
392
378
378
394
384
378
398
376
378
386
390
796
380
378
374
378
402
388
378
382
378
374
384
378
374
378
380
376
398
378
398
378
374
378
380
378
378
390
380
378
398
378
1244
404
380
394
378
376
378
378
380
380
374
394
374
384
380
390
386
406
378
630
396
394
378
378
376
378
444
382
376
382
402
384
374
380
378
384
382
380
394
380
378
374
374
382
390
382
378
396
378
384
1148
378
398
378
378
380
398
374
378
380
398
376
390
378
374
380
382
378
378
602
382
380
378
380
378
382
392
374
378
378
406
378
376
380
378
376
382
380
394
378
376
392
384
382
380
376
374
372
376
384
966
378
380
390
404
398
376
378
378
382
378
382
380
388
394
374
382
378
378
798
374
396
382
434
378
386
446
384
380
380
396
382
382
382
392
386
380
382
380
404
390
396
380
394
382
400
380
374
384
378
1080
394
384
376
382
378
374
378
374
382
402
374
388
378
386
380
374
378
390
654
374
396
396
378
382
406
376
378
378
384
378
390
390
374
384
378
386
396
384
390
394
374
378
382
380
390
382
436
388
378
1280
378
384
386
394
378
382
386
378
374
394
378
400
386
376
398
374
378
376
804
374
392
378
378
382
392
374
390
374
380
388
406
380
378
374
374
378
394
380
382
402
374
378
376
378
386
382
380
378
438
378
382
382
426
384
380
384
376
394
386
386
394
376
378
390
384
374
392
378
578
378
378
382
382
378
390
394
382
376
380
378
380
378
398
378
382
378
380
462
374
380
374
402
382
378
380
382
382
398
378
1304
380
378
384
376
404
378
392
374
384
378
376
398
378
374
400
376
380
382
892
378
378
384
390
394
382
378
392
382
378
376
380
378
382
382
378
378
380
394
380
378
394
382
378
398
382
378
374
386
380
1240
378
376
378
380
372
376
380
378
378
374
378
372
396
378
388
384
382
382
410
392
382
380
378
396
382
378
378
374
378
380
378
374
382
378
378
378
376
376
386
390
372
374
376
402
388
386
378
408
398
740
402
378
430
378
382
376
380
396
374
378
378
378
390
388
422
398
378
392
888
384
378
394
382
398
382
378
398
378
386
382
380
378
378
394
404
380
380
374
380
398
382
378
378
392
374
378
378
394
376
374
378
398
394
378
400
382
380
394
388
380
384
378
378
378
378
378
384
382
1082
376
378
388
374
378
388
384
390
380
390
378
378
386
384
394
378
376
414
494
374
382
378
382
394
394
378
390
390
396
390
374
382
378
404
384
382
394
712
376
380
382
376
384
380
380
376
382
380
390
966
384
378
376
380
374
396
392
376
376
374
378
1282
382
380
392
390
374
384
574
376
394
378
374
382
378
386
374
384
378
378
1332
376
374
378
378
380
382
394
376
398
392
376
378
382
372
404
424
380
382
1090
378
378
382
386
378
378
378
1272
378
378
376
394
380
380
382
378
390
380
716
384
374
378
374
392
380
376
382
410
378
382
378
374
378
380
382
378
384
378
378
378
378
380
384
394
380
378
378
380
384
770
384
380
374
376
1038
462
454
448
464
454
460
466
452
784
452
444
452
456
448
448
452
452
450
454
454
460
464
496
450
494
468
652
450
468
464
458
462
462
448
452
448
474
452
456
468
468
478
458
458
440
472
464
452
454
450
452
1048
456
450
450
452
660
466
442
448
446
454
450
448
458
458
450
462
452
460
1246
452
476
450
450
512
454
494
448
448
452
452
462
470
450
450
452
464
454
1026
448
448
458
472
454
466
440
448
448
478
452
466
448
454
452
466
448
462
718
452
460
450
586
1376
454
464
442
448
454
452
456
448
450
454
470
442
460
466
464
464
450
456
468
456
460
456
460
462
460
954
460
456
456
456
448
464
458
464
456
454
472
456
464
454
448
454
450
450
826
444
450
468
450
452
466
452
462
456
450
450
466
452
456
468
452
474
456
646
464
448
452
452
450
444
458
454
442
462
454
1170
468
478
456
454
464
454
450
462
442
462
452
448
452
468
458
442
458
458
922
454
452
448
458
452
442
460
468
454
464
468
456
452
452
456
460
452
474
818
450
466
452
472
458
454
448
476
476
464
464
524
536
462
466
470
484
466
460
492
466
456
476
470
462
480
448
452
448
456
1100
448
468
452
456
472
448
452
464
448
452
468
452
454
486
452
464
440
474
450
454
452
452
454
452
472
468
458
462
460
476
638
464
456
486
448
456
448
448
460
466
450
474
450
458
466
460
460
472
446
588
452
452
472
502
466
476
470
458
484
462
476
456
458
460
474
460
458
456
774
484
460
460
470
460
456
452
444
450
454
458
448
496
450
450
452
442
468
468
464
448
454
454
458
466
452
468
452
448
448
710
460
462
448
452
452
442
450
450
452
458
452
450
448
460
464
456
454
464
608
448
464
454
454
1376
452
454
452
448
456
462
440
450
444
458
448
450
460
470
466
462
450
450
444
456
450
458
460
450
448
1056
442
448
448
480
464
460
456
450
452
464
452
1310
458
452
468
556
450
450
564
448
458
442
456
468
468
472
456
456
454
456
464
468
472
482
464
466
474
454
468
454
452
462
442
460
470
452
452
448
448
1136
444
448
448
452
452
452
464
452
452
454
454
452
472
464
450
454
454
442
698
456
458
450
456
442
528
448
454
468
452
450
448
450
448
490
448
448
454
450
452
454
456
452
450
448
456
456
464
454
470
1210
456
508
456
460
448
450
448
456
448
470
472
470
462
464
464
448
448
466
838
450
454
454
448
468
464
450
448
452
450
454
450
448
454
448
448
458
448
452
454
460
450
500
1188
456
472
454
452
448
452
1048
442
448
466
452
466
452
448
464
452
454
448
460
458
456
454
448
448
454
466
450
452
448
448
454
456
448
448
452
464
448
452
456
448
460
468
470
456
452
446
454
448
450
452
456
468
452
450
460
442
982
454
470
448
512
448
450
452
444
448
446
470
1136
450
456
484
518
448
450
582
452
452
454
456
462
456
458
468
508
470
454
450
454
454
458
446
458
446
512
450
448
448
448
448
466
452
454
454
452
452
1056
450
458
450
446
450
468
516
454
456
454
466
460
454
456
452
448
450
448
462
464
464
450
468
448
450
452
450
460
448
452
448
464
472
460
450
448
450
466
448
458
450
450
448
450
456
448
454
456
446
1012
464
450
456
470
448
454
450
452
452
452
448
450
450
454
460
448
448
450
902
454
448
452
590
462
470
448
450
470
442
448
454
452
446
448
456
466
462
472
448
464
478
482
806
476
462
514
462
486
