296
86
86
86
84
86
86
84
86
86
86
86
86
84
86
88
86
82
84
84
86
84
86
84
82
86
86
84
82
84
84
88
84
84
84
84
84
84
88
86
84
86
84
84
86
86
86
88
86
86
86
84
82
84
84
82
84
84
88
86
86
86
84
86
84
86
86
84
86
82
86
86
86
86
86
84
84
84
86
84
86
86
82
84
86
84
86
84
84
82
84
86
84
88
86
86
84
84
84
86
84
84
86
84
84
84
84
84
84
84
84
84
84
84
86
84
84
86
86
86
86
84
84
84
88
82
86
86
84
86
84
86
86
84
82
84
86
84
84
86
82
84
86
86
84
86
82
84
86
84
86
86
84
86
86
84
84
86
86
86
84
88
86
86
86
82
86
86
86
84
86
86
82
84
84
86
84
84
86
86
84
86
84
84
86
86
84
84
84
86
86
86
86
86
86
84
86
86
84
84
86
86
86
86
86
84
86
84
84
86
86
84
86
84
84
86
86
84
86
84
86
86
84
84
86
86
86
86
84
86
84
84
86
86
84
84
86
86
84
84
86
86
84
84
84
84
84
84
86
84
84
86
84
84
86
86
84
84
86
84
84
86
86
86
84
84
82
84
84
84
86
84
84
86
86
84
84
84
86
86
84
86
84
86
84
84
86
86
86
86
86
84
86
84
86
86
86
86
84
84
86
86
84
84
82
84
84
84
84
86
86
86
86
86
86
86
86
86
86
84
86
84
84
86
86
86
86
86
84
84
86
84
86
86
86
84
84
86
86
84
86
84
86
84
86
86
82
84
84
84
86
86
84
84
86
84
84
84
84
84
86
84
84
84
86
86
84
86
86
86
84
86
82
86
86
84
86
86
86
84
86
86
84
86
86
86
86
84
86
86
84
86
84
86
86
86
84
86
84
86
84
86
86
84
84
84
86
84
86
86
84
86
86
86
84
84
86
86
86
86
84
84
86
86
86
84
86
84
86
86
86
86
84
86
86
86
86
84
84
86
86
86
82
84
84
86
86
86
86
84
86
84
86
84
86
84
84
84
84
86
86
86
84
84
84
86
86
84
86
86
84
84
86
84
84
86
84
84
84
290
296
90
90
86
292
294
294
296
296
294
298
294
294
298
294
296
296
296
294
294
292
294
296
296
294
274
298
1534
296
294
296
296
294
294
280
452
286
314
290
410
434
274
340
356
550
296
464
324
282
396
364
312
302
284
278
334
280
298
322
978
284
376
280
416
288
412
278
296
292
286
296
278
298
296
276
294
294
294
294
296
294
296
682
296
294
294
294
298
294
294
292
296
296
294
292
296
296
298
276
296
296
278
298
300
292
1332
296
296
298
294
294
288
294
278
294
296
294
296
276
298
298
628
294
306
296
278
88
86
296
296
296
294
294
298
292
292
296
296
296
292
294
296
294
298
1194
296
296
296
292
292
294
294
296
296
298
296
296
296
294
354
396
296
296
292
294
292
294
294
296
298
292
292
296
298
298
294
296
294
294
298
298
298
296
1000
294
294
294
294
296
296
294
294
290
296
294
294
296
298
294
302
296
296
296
294
292
294
1350
296
294
298
294
300
296
368
292
296
296
294
298
294
340
294
894
296
296
296
294
274
298
294
298
294
298
294
280
298
296
298
298
308
296
294
296
294
296
294
294
292
294
294
296
298
296
300
298
298
294
292
294
292
296
686
296
308
294
294
294
296
298
298
294
294
306
294
296
298
294
292
294
294
292
296
294
282
1454
296
294
292
296
298
312
294
298
296
294
296
296
294
294
292
558
296
294
296
294
298
294
294
296
294
298
298
294
294
294
292
298
296
298
294
298
296
294
1324
296
298
294
296
296
294
294
294
298
294
294
296
296
296
296
584
294
276
296
298
294
298
296
296
294
294
296
298
294
300
296
278
296
294
296
296
302
296
1174
294
294
296
296
300
294
294
294
294
296
296
296
296
296
294
398
304
296
294
296
296
294
296
298
296
302
296
298
292
296
296
296
294
296
296
294
296
294
1014
296
294
296
294
296
296
296
296
296
296
296
294
294
296
296
294
296
294
298
296
296
296
294
296
294
298
300
296
294
296
278
294
296
292
298
296
294
294
838
276
296
294
294
296
298
294
296
296
298
294
296
294
298
296
296
294
298
298
294
298
296
1562
294
298
296
300
298
298
294
294
294
296
298
296
298
296
292
686
294
294
298
296
308
298
294
294
298
294
294
296
294
292
294
294
298
296
298
296
90
92
90
86
298
294
296
294
298
294
298
294
296
292
294
294
296
296
746
298
296
296
294
298
296
284
294
296
296
304
296
294
296
296
300
298
294
296
290
306
296
1292
294
324
292
298
294
298
292
298
280
278
294
296
294
300
296
554
296
296
300
296
296
296
296
296
294
298
294
296
296
296
294
298
300
294
306
294
296
302
1138
296
88
84
290
326
88
88
88
90
90
88
282
278
86
86
84
86
86
84
84
86
86
84
86
88
90
88
88
88
86
298
300
296
296
290
294
296
296
934
296
296
294
296
296
296
298
294
298
294
294
296
296
296
298
296
290
296
294
298
298
298
292
296
294
292
294
294
298
292
294
294
296
296
296
294
296
296
974
296
298
296
296
296
294
294
294
296
296
296
298
298
294
296
296
298
296
294
292
294
298
294
296
298
296
292
298
294
296
294
298
296
294
296
296
296
294
860
290
294
294
294
296
296
296
296
294
296
294
296
294
296
296
294
296
294
296
296
296
294
1362
296
294
294
296
296
296
296
292
294
296
294
298
296
296
294
402
296
294
300
296
298
294
294
298
294
298
344
298
296
294
296
292
296
296
294
296
294
296
1232
278
294
278
296
298
294
296
294
292
298
296
294
296
294
292
522
298
296
296
294
296
296
296
298
296
296
294
296
298
298
294
294
294
298
292
294
294
294
1092
294
294
296
294
294
294
294
298
296
296
294
294
294
298
292
294
296
294
296
296
298
296
296
296
294
296
296
298
294
296
298
292
294
296
296
296
294
296
1066
294
296
298
296
294
294
296
296
296
294
294
294
296
294
298
296
298
294
296
298
296
298
1560
298
296
294
294
296
300
294
298
296
294
294
296
294
294
298
964
298
296
296
296
296
296
296
294
296
294
296
296
296
292
296
296
296
298
298
294
298
296
1536
296
298
298
296
294
296
294
294
296
298
296
298
294
298
296
792
296
294
296
296
294
296
296
296
296
296
296
296
298
296
294
294
296
296
294
294
298
296
1370
296
294
298
294
296
296
296
296
294
294
296
296
298
298
298
632
298
296
296
298
294
296
296
298
300
296
296
296
298
296
294
296
296
294
294
292
292
296
1394
298
294
294
298
294
292
298
296
298
298
296
298
290
292
294
502
296
298
298
296
296
292
90
90
292
82
82
84
82
84
86
84
84
84
84
86
84
86
84
82
84
86
86
84
86
84
86
86
84
86
84
84
84
86
86
86
84
86
84
84
82
86
84
86
84
84
84
86
84
82
84
86
88
82
84
86
86
86
84
86
84
86
86
84
86
86
84
86
84
86
84
84
82
86
86
84
84
84
84
86
86
86
84
86
86
86
84
86
86
86
84
84
84
86
84
86
86
84
84
86
84
84
84
86
86
84
82
86
86
84
84
84
86
82
90
294
284
296
298
1254
290
284
338
284
298
278
84
92
86
322
282
280
278
280
280
368
296
296
296
294
298
294
296
294
294
296
298
298
294
298
298
298
294
294
294
296
294
298
1440
296
296
294
298
294
298
294
296
296
296
296
294
296
294
296
624
294
296
298
294
294
298
298
296
294
294
292
296
294
296
292
296
296
296
298
294
296
298
278
278
278
292
296
320
296
294
296
294
294
300
282
318
320
278
1242
278
312
390
280
298
312
294
416
1414
280
278
280
280
280
322
972
328
298
276
276
294
292
306
290
396
280
298
306
300
294
276
280
434
312
284
282
276
296
400
294
278
288
298
278
356
278
298
280
278
278
282
298
296
296
308
328
294
308
400
282
298
1044
276
280
296
278
276
278
298
276
302
282
276
294
346
386
296
278
308
294
278
294
278
330
294
300
302
296
282
296
274
286
278
292
292
280
338
280
298
296
860
298
296
298
326
274
278
298
318
296
294
278
296
284
312
276
294
294
296
298
294
304
294
278
294
296
296
278
298
294
292
298
302
300
318
308
294
370
348
544
298
296
296
276
278
292
294
296
298
292
278
286
292
354
296
494
296
296
296
350
276
298
1468
296
290
296
296
280
276
396
548
394
294
294
324
278
90
88
86
308
88
88
86
300
294
280
308
288
346
480
276
296
296
300
276
278
294
300
296
310
308
430
294
288
288
310
302
296
280
304
278
294
296
296
296
294
296
566
278
314
296
304
406
414
294
296
298
298
278
282
296
298
296
292
308
294
296
350
312
358
1152
298
296
286
276
280
294
296
298
294
322
294
406
324
298
322
464
296
318
278
348
308
294
306
314
296
294
282
278
296
284
336
380
510
298
294
300
280
296
962
298
298
296
278
294
294
296
276
480
92
92
86
86
84
86
86
86
86
84
84
86
86
84
84
86
86
84
84
86
84
86
84
82
86
86
86
86
86
86
84
84
86
84
86
84
84
82
84
84
84
86
84
82
86
84
86
84
82
86
84
86
86
86
84
86
84
86
84
92
88
296
88
88
86
292
1118
90
90
86
294
298
296
298
294
330
296
296
296
298
296
294
276
308
358
280
312
294
280
300
294
1490
298
298
296
294
296
296
450
290
296
298
296
322
298
278
428
788
278
298
296
296
278
294
298
278
378
286
324
298
298
294
278
300
296
296
298
304
296
296
274
292
416
294
390
296
294
296
276
278
296
296
298
296
294
278
278
300
1870
344
312
296
296
334
294
296
278
296
296
296
294
296
308
280
398
452
288
294
296
286
284
282
284
298
294
296
300
296
334
278
386
676
370
296
328
442
290
276
284
298
294
298
312
282
294
296
304
338
300
282
300
276
284
296
278
300
296
298
986
292
278
276
278
296
440
286
298
298
282
278
276
294
296
294
296
326
280
384
354
326
296
336
288
88
88
86
88
82
306
276
368
282
298
394
380
298
444
350
294
322
344
290
352
284
280
296
278
296
298
284
276
296
280
296
280
298
294
296
298
294
294
298
296
298
300
294
294
294
296
294
294
298
296
294
296
298
804
294
294
294
294
296
298
296
298
296
296
298
296
296
292
296
296
294
296
294
298
344
298
1398
294
306
296
286
284
298
296
276
296
278
294
294
292
296
296
634
276
294
298
294
296
306
298
298
294
406
294
342
300
294
296
296
296
296
278
294
328
296
1130
294
296
296
294
286
294
296
294
294
296
294
276
294
298
294
560
276
296
274
298
296
286
294
294
292
276
312
294
292
296
294
294
298
294
294
314
282
410
1354
278
286
400
286
362
320
276
388
276
278
298
278
282
276
278
308
280
280
482
280
284
346
324
280
320
278
294
296
282
298
278
274
294
278
294
290
292
298
1028
276
306
296
274
276
278
278
298
292
292
316
274
294
276
292
296
296
384
278
292
296
298
294
296
298
298
294
296
296
296
294
294
296
296
296
294
294
294
908
296
298
292
292
296
294
296
296
296
296
296
296
294
294
296
292
298
292
294
294
294
296
1512
300
298
294
296
296
294
296
296
298
296
90
304
88
84
296
798
294
296
294
294
298
294
294
298
296
298
296
296
294
298
296
298
294
296
296
298
296
294
1422
298
298
298
296
296
298
296
296
296
298
294
294
296
296
296
642
296
296
296
296
296
278
296
296
296
292
296
298
298
298
296
294
296
294
300
294
296
294
1202
296
294
296
296
294
298
294
296
296
298
294
296
296
298
294
572
296
296
298
294
296
298
296
296
298
294
300
296
296
298
294
296
294
298
294
298
296
296
1226
296
294
296
296
294
296
298
298
294
296
294
298
298
294
296
400
294
292
296
298
296
294
294
296
294
296
296
296
296
294
294
292
294
296
294
296
296
298
1102
296
296
296
296
296
296
296
296
296
296
294
296
296
294
294
294
296
294
296
296
294
294
296
294
296
294
296
292
292
296
294
296
296
296
294
294
298
296
930
296
292
292
296
292
294
296
298
298
294
292
296
296
294
298
294
296
294
292
296
296
296
1512
294
296
292
294
296
294
298
292
292
292
294
294
298
294
292
1078
296
298
282
310
90
90
92
88
86
84
300
296
294
296
294
294
296
296
294
294
296
298
1466
294
294
298
294
294
296
296
296
296
296
298
296
296
296
296
640
294
294
296
298
294
294
294
296
296
296
296
294
298
296
294
296
294
294
296
292
294
294
1290
294
296
294
294
298
296
294
294
294
296
294
298
296
294
294
496
298
296
294
294
298
296
296
296
296
294
296
296
296
298
298
296
296
294
298
294
294
296
1180
296
294
296
296
296
298
296
296
300
296
298
296
296
296
296
346
296
294
294
296
294
296
294
294
296
294
294
294
296
294
300
292
296
294
296
298
296
294
1046
294
294
296
298
294
294
296
292
294
294
296
294
296
296
298
334
296
296
294
296
294
296
296
296
294
298
294
296
296
298
294
292
294
296
294
294
296
296
868
292
294
294
296
296
296
294
294
294
294
296
298
294
294
294
294
294
298
294
294
294
298
292
296
298
296
294
294
296
296
292
294
290
296
298
294
294
294
710
294
296
296
294
296
292
296
296
294
296
296
294
296
296
294
296
296
294
296
292
294
296
1480
298
294
296
294
294
296
296
294
296
294
292
296
292
296
298
542
294
294
292
292
296
296
294
292
294
292
300
294
294
298
292
294
290
294
296
92
92
90
84
294
298
294
294
296
294
294
296
296
296
294
298
294
296
296
494
298
294
296
292
296
296
292
298
296
296
296
298
294
296
294
296
296
296
296
298
296
292
1196
296
278
296
294
298
296
298
294
298
294
294
296
298
296
294
422
294
296
296
296
294
296
296
296
294
296
296
294
296
296
294
298
294
296
296
294
296
298
1028
296
296
298
294
296
294
294
294
296
296
296
296
296
294
298
296
296
296
294
296
296
298
296
296
296
298
294
296
296
296
298
296
296
298
296
294
296
296
862
296
298
296
296
296
296
296
294
294
296
294
294
296
294
294
296
296
294
294
296
298
298
298
294
296
294
296
294
294
296
296
296
294
294
298
294
296
294
718
294
296
296
296
296
296
294
296
294
294
298
294
296
294
294
296
296
298
296
298
296
298
1476
294
296
296
296
296
296
296
296
296
298
294
294
296
294
294
742
294
298
298
294
296
296
296
298
296
294
294
294
296
296
296
294
294
294
296
294
296
298
1278
298
294
296
296
294
296
296
296
296
294
296
294
296
294
292
582
296
296
294
296
294
294
288
274
320
294
294
294
296
296
296
296
294
298
294
294
292
294
1100
294
298
294
294
294
296
296
294
294
294
296
296
298
296
296
402
294
298
296
296
296
294
294
294
292
296
294
296
296
294
294
294
296
296
296
294
294
296
998
292
298
298
294
294
298
298
294
294
298
294
296
296
296
296
292
294
296
294
296
294
294
294
294
296
294
294
296
294
296
296
296
296
294
296
296
292
294
774
294
296
294
294
296
296
294
298
298
294
294
294
296
296
296
296
296
294
296
296
294
296
298
292
294
296
294
290
298
298
294
296
294
298
294
298
296
296
808
296
292
298
298
294
294
294
292
294
298
294
296
296
296
296
294
296
296
296
296
298
294
1404
298
298
296
296
292
298
292
296
296
296
296
298
294
292
294
676
296
298
298
296
294
296
296
294
296
296
298
296
296
296
294
298
298
298
294
294
294
294
1232
294
296
294
294
294
298
296
296
296
290
296
296
298
294
296
548
292
296
296
298
294
298
296
290
294
294
294
296
296
296
294
296
298
296
296
294
296
296
1098
292
296
298
294
298
296
294
296
294
298
296
294
300
294
296
390
294
294
298
292
296
90
88
84
86
86
84
86
84
86
86
84
86
84
86
86
84
84
84
84
86
84
86
84
84
86
84
86
86
84
86
84
86
86
86
86
84
84
86
84
84
86
86
86
86
86
84
86
84
86
84
86
84
86
86
84
84
84
84
86
84
84
86
86
86
86
84
84
86
86
84
86
84
86
84
84
84
86
86
86
86
86
84
86
86
84
88
86
86
86
86
86
86
86
84
82
86
86
86
86
84
84
84
86
86
84
86
84
86
86
86
84
86
86
86
86
86
86
84
84
86
84
84
84
84
86
84
86
84
84
82
84
84
86
86
86
86
86
84
86
86
84
86
86
86
84
86
84
84
84
84
86
86
84
84
86
86
84
84
84
86
86
86
86
86
86
84
86
86
86
84
84
86
84
86
86
86
86
84
86
86
84
86
86
84
86
82
84
84
84
84
86
84
86
86
86
84
86
86
84
86
86
84
84
84
86
86
84
86
86
86
84
84
86
84
86
82
84
82
84
86
84
84
84
84
84
84
86
84
84
84
84
86
84
84
84
84
86
84
86
84
84
84
84
84
86
86
84
84
86
84
82
84
84
86
84
86
86
88
86
86
86
82
84
84
84
82
86
86
84
84
82
86
86
86
84
86
86
86
86
84
84
86
84
86
86
86
82
84
82
84
84
84
84
86
84
84
86
84
84
84
84
84
84
84
84
88
88
86
86
86
84
84
86
84
88
84
86
88
86
84
86
86
86
86
84
86
86
84
84
84
86
84
86
86
84
86
84
84
84
84
84
84
84
88
84
86
86
86
86
88
84
84
84
84
86
84
84
86
84
84
84
86
86
84
86
84
86
86
84
82
86
84
86
86
88
86
86
86
86
84
86
86
86
88
86
86
84
84
86
86
86
84
86
86
88
84
84
84
86
86
84
84
86
84
84
84
88
84
82
86
86
86
86
84
86
86
82
84
86
86
86
86
82
86
86
86
84
84
84
84
86
86
84
86
84
86
84
86
84
84
84
84
86
88
84
84
84
86
84
84
84
84
84
84
86
84
84
88
86
84
86
86
86
86
86
84
86
86
84
86
86
82
86
84
84
84
84
82
86
86
84
86
86
86
84
86
86
84
84
86
84
86
84
86
84
84
86
86
84
84
90
90
86
296
298
296
294
296
298
294
296
296
296
294
296
298
292
298
294
296
294
294
296
294
296
298
294
294
296
296
294
714
296
296
294
298
294
296
296
294
296
294
292
298
296
294
294
294
294
296
294
298
296
298
1514
298
294
296
296
296
294
296
296
296
296
292
294
294
296
296
570
292
294
296
296
296
294
296
292
294
294
296
296
298
298
294
294
296
296
296
294
294
294
1320
298
296
294
294
294
296
296
296
294
294
296
292
294
294
298
484
296
296
292
292
294
298
