118
300
296
296
300
290
294
298
296
296
298
294
298
292
294
294
300
296
294
296
296
296
298
294
296
296
300
294
296
298
294
898
294
300
294
294
294
296
292
296
296
296
294
296
296
296
294
296
292
292
298
296
292
296
294
296
294
296
296
296
296
294
292
292
292
296
296
296
296
292
746
296
294
298
296
296
294
294
298
296
298
296
294
294
290
298
296
298
298
294
296
294
296
1518
298
294
294
294
294
292
296
296
296
298
296
292
294
294
296
630
296
296
294
296
294
294
294
296
296
280
292
294
294
296
298
296
298
296
298
294
296
296
1284
292
298
296
294
298
298
296
292
292
294
298
294
294
296
294
466
294
292
294
294
296
294
296
294
298
294
296
296
296
298
294
294
294
292
298
296
294
292
1096
298
294
296
294
294
292
296
298
292
296
296
296
296
296
298
388
296
294
296
296
294
290
294
294
294
294
292
292
292
294
296
298
296
292
296
290
298
294
1020
296
296
296
294
294
294
296
296
294
294
298
292
296
300
298
322
296
294
296
296
296
292
296
296
298
296
296
296
296
296
294
292
294
294
296
296
296
296
926
296
294
296
296
294
290
294
296
296
296
296
296
294
294
292
296
296
296
296
294
296
296
294
296
294
300
296
292
296
296
296
298
296
296
292
294
292
294
716
296
296
296
298
294
296
294
294
298
296
294
298
294
296
296
296
292
296
298
298
294
296
1478
296
294
296
296
294
296
298
292
298
298
296
296
296
294
300
630
294
300
296
296
298
294
296
296
298
294
298
296
296
296
296
294
294
296
296
296
292
294
1318
294
298
296
296
296
296
296
298
296
296
296
298
298
294
296
576
296
298
296
298
296
296
294
296
296
296
296
294
294
292
294
294
296
296
296
296
296
298
1164
296
294
294
296
298
296
294
298
296
294
300
298
294
298
298
460
294
294
294
294
294
298
296
296
298
294
294
296
296
294
294
298
298
298
294
296
294
296
1014
298
296
294
298
296
294
296
296
294
296
294
296
296
296
300
312
294
296
294
296
294
296
294
294
296
294
296
296
296
294
296
294
298
296
296
292
298
294
850
294
296
294
298
296
296
294
296
296
296
294
294
86
90
304
294
86
84
84
84
86
86
84
84
86
84
84
86
84
84
82
84
84
84
84
84
86
86
86
86
84
86
86
84
86
84
86
86
84
84
86
84
84
84
84
86
84
82
84
86
86
84
84
88
84
86
86
86
86
84
84
86
86
84
86
84
84
84
86
86
86
84
84
86
84
86
86
84
86
84
84
84
84
88
86
84
86
84
84
86
86
86
84
84
86
84
86
84
84
82
82
86
86
84
86
84
86
86
86
86
86
86
86
84
84
84
84
82
84
84
84
86
86
86
86
86
84
84
88
288
86
84
84
86
84
84
84
84
86
84
84
84
84
84
84
86
86
84
84
82
84
86
86
86
84
86
84
86
84
86
86
84
84
86
84
86
84
86
84
84
86
84
86
84
86
86
84
86
84
86
84
84
84
82
86
84
84
86
84
84
84
84
86
86
86
84
84
84
86
86
84
84
86
84
84
84
84
86
86
86
86
86
86
84
86
86
84
86
84
86
84
86
82
86
86
84
86
84
84
82
86
86
84
86
86
84
86
86
86
84
86
84
84
86
86
86
86
84
86
84
86
84
86
86
82
86
86
86
86
86
86
84
86
86
82
84
86
84
86
84
82
84
84
86
84
86
88
86
86
84
86
84
86
86
84
86
86
86
84
84
86
84
84
86
84
86
86
86
84
84
84
86
86
86
82
86
84
86
84
84
88
86
84
86
86
84
86
86
86
82
86
86
84
84
86
84
86
86
84
86
86
84
90
86
86
84
84
86
84
86
86
90
86
84
86
84
84
86
84
86
86
86
84
84
84
86
86
86
84
84
84
86
86
86
90
86
86
86
86
86
86
86
84
90
86
86
86
84
84
84
86
84
84
84
86
84
84
90
86
86
86
84
86
84
86
86
86
84
84
84
90
86
84
84
86
84
86
86
86
84
84
84
86
86
84
84
82
84
90
84
86
84
86
86
86
84
86
92
86
86
84
84
84
84
84
86
86
86
86
86
86
90
86
84
84
86
86
84
84
86
84
84
86
86
86
86
84
86
86
84
86
86
86
84
86
86
86
86
86
86
84
84
90
86
84
84
86
86
86
86
86
84
84
84
86
86
86
84
88
84
86
86
86
86
84
86
84
86
84
84
84
86
90
90
92
88
84
86
92
86
84
84
86
84
86
84
86
86
86
84
86
86
86
86
86
84
84
86
84
86
84
84
86
84
86
86
86
86
86
84
86
86
86
86
84
86
86
84
84
84
84
84
86
84
84
86
84
84
84
84
86
84
86
84
82
86
84
84
86
84
86
86
86
84
86
86
84
86
84
84
86
86
84
86
90
298
88
86
88
282
310
302
90
88
90
88
84
296
296
298
276
322
1120
292
294
298
296
298
88
88
300
328
294
86
84
84
84
86
86
84
84
84
84
84
86
84
86
86
88
84
84
86
86
86
86
84
82
84
88
86
86
84
86
86
84
86
86
86
86
84
86
86
84
86
84
86
84
86
84
84
86
86
84
86
86
86
84
84
86
88
84
86
84
86
84
86
84
82
84
82
84
84
86
86
84
84
84
84
86
84
84
86
86
86
84
84
86
84
84
86
86
82
86
84
84
86
86
86
84
84
86
84
86
86
84
84
84
84
86
84
84
86
84
84
84
86
86
86
84
84
84
84
84
84
86
86
88
84
84
84
86
86
84
88
84
86
86
86
86
86
86
84
86
86
82
84
86
84
86
86
84
84
84
86
84
84
86
86
86
86
84
86
84
84
84
86
86
86
84
86
86
86
84
86
84
84
86
86
86
84
84
86
86
84
84
86
86
84
84
86
84
84
84
86
84
86
86
84
86
84
84
86
86
86
86
86
86
84
84
86
86
84
86
86
84
86
84
82
86
86
84
84
86
84
86
84
84
84
86
86
86
86
86
86
86
84
84
86
86
84
86
84
86
84
84
86
84
84
86
86
84
84
86
84
86
84
86
82
86
86
84
84
84
86
86
86
84
86
86
86
84
86
84
84
84
84
84
86
84
86
84
84
84
84
86
86
84
84
86
84
84
84
84
86
84
84
84
84
84
84
84
84
86
86
84
84
86
84
86
84
84
86
86
84
86
84
86
84
86
86
86
86
86
86
84
86
82
84
84
86
86
86
82
86
84
86
84
84
86
84
84
84
86
84
84
86
84
86
86
86
86
86
84
86
86
84
84
84
84
82
84
86
84
86
86
84
86
86
84
86
86
86
84
84
86
84
82
84
86
86
86
84
84
84
86
86
84
84
84
84
84
90
98
90
90
86
294
296
296
294
298
298
294
296
292
482
298
294
296
296
296
292
292
296
296
296
296
292
296
294
296
296
296
294
294
296
292
296
1080
294
294
298
292
294
296
298
294
296
296
296
292
298
298
294
310
294
296
294
294
296
296
294
294
294
292
290
294
294
296
290
292
292
296
294
296
296
296
960
298
296
296
294
294
298
296
294
292
294
294
296
296
294
292
290
292
296
292
294
294
292
292
294
296
294
294
296
294
296
298
292
294
296
292
294
296
88
90
88
86
90
88
90
88
88
90
88
86
88
82
84
86
86
84
84
86
84
84
82
86
86
84
86
84
88
86
84
84
84
84
84
84
84
86
84
86
86
86
86
84
84
86
86
84
84
84
86
84
86
84
84
86
84
86
84
84
84
86
86
84
84
84
86
84
86
86
84
86
86
84
86
86
86
86
82
86
82
86
84
84
86
86
84
86
86
86
86
86
84
84
84
82
86
84
86
86
84
84
86
84
84
84
84
84
86
84
86
86
86
84
84
86
84
84
84
84
84
84
84
84
84
86
84
86
86
86
86
86
86
86
84
84
86
86
86
86
86
86
84
84
86
86
86
86
84
84
84
84
86
84
84
86
84
84
84
84
84
84
86
86
84
84
84
86
84
84
86
82
86
88
86
86
84
84
82
82
86
86
84
84
84
84
86
86
84
84
84
86
86
86
86
86
84
86
86
82
84
84
84
86
84
84
86
86
84
84
84
86
86
84
86
82
86
86
84
82
84
84
86
84
86
84
84
86
84
84
86
86
86
86
86
84
86
84
84
84
86
84
84
84
86
82
86
84
86
84
86
86
84
86
84
86
84
84
84
84
84
86
86
88
86
86
84
86
84
86
84
86
84
84
86
88
88
280
84
88
88
1522
86
86
86
86
84
86
84
86
86
86
86
86
84
86
86
86
84
86
84
86
86
86
86
82
84
84
84
84
86
84
84
86
84
86
88
86
84
86
84
84
86
84
86
84
86
86
86
84
86
86
86
84
84
84
84
86
86
84
84
88
84
86
86
86
86
84
86
86
84
84
84
84
84
86
86
84
86
86
86
84
86
86
84
82
86
84
82
84
86
82
86
86
86
82
84
86
86
84
84
82
86
86
84
84
84
84
88
92
84
278
278
296
296
290
296
296
956
296
278
294
288
280
454
296
508
296
296
376
276
296
276
296
294
298
298
292
278
280
316
1550
290
296
276
280
280
296
294
294
294
296
330
296
294
278
460
442
310
292
298
296
298
294
278
296
294
296
90
88
86
90
272
84
84
88
368
324
84
84
86
86
84
86
86
84
84
86
88
84
86
84
86
86
84
82
86
84
86
84
84
84
84
86
86
84
86
84
86
84
86
86
86
86
86
86
86
88
84
86
86
86
86
86
84
84
84
86
86
86
84
84
84
84
84
84
84
86
84
86
86
84
86
84
84
84
86
86
86
86
86
84
86
84
84
84
86
84
86
84
84
86
86
84
86
84
84
84
84
86
84
86
86
86
86
86
84
84
84
86
84
86
84
84
86
86
86
84
84
86
86
86
84
86
86
84
84
84
86
84
84
84
88
84
84
84
86
84
86
86
84
84
86
86
86
86
86
84
86
86
84
84
86
86
86
86
86
86
84
84
86
86
86
86
84
86
86
84
86
86
84
88
336
438
484
644
84
84
84
84
84
84
84
84
86
84
86
84
86
86
82
86
84
84
84
86
84
86
84
86
86
84
86
86
84
84
86
86
84
84
84
86
82
86
86
86
84
84
84
86
86
86
86
84
86
88
86
84
86
86
84
84
82
86
84
86
86
86
82
84
88
86
84
86
84
84
86
86
84
84
86
84
84
86
86
86
86
86
86
84
86
86
86
84
82
84
86
86
84
86
86
86
84
86
86
84
84
84
86
86
84
86
84
86
84
84
86
84
86
86
84
86
84
86
86
84
86
86
84
86
84
86
86
84
84
86
82
84
82
84
86
86
82
86
84
84
84
86
84
84
86
84
88
88
86
86
84
86
86
82
84
84
86
84
84
84
84
86
86
84
88
86
86
86
86
84
86
84
82
84
86
86
84
86
86
84
84
84
86
84
86
84
86
84
84
82
82
84
84
86
84
84
84
86
86
86
84
84
84
84
82
86
86
86
84
86
84
86
86
84
84
86
86
86
86
84
86
84
86
86
86
84
84
84
86
84
86
84
86
86
86
86
84
86
84
82
86
86
84
84
86
86
84
86
86
84
84
84
84
84
82
84
86
84
84
86
90
90
90
88
45886
86
84
84
86
84
86
84
86
84
86
84
86
86
86
86
84
84
86
86
84
86
84
84
84
84
86
84
86
86
84
86
86
84
86
88
86
86
84
86
86
86
84
84
84
86
84
84
84
84
84
86
84
86
84
86
86
84
86
84
86
86
84
86
84
84
86
84
84
86
86
84
84
86
84
86
86
82
86
84
86
84
86
86
84
84
84
86
86
84
84
86
84
84
86
86
86
86
86
84
84
84
84
86
86
84
84
86
86
84
86
86
86
82
86
86
86
86
86
86
84
84
84
86
86
84
84
86
86
86
84
86
86
84
82
86
84
84
86
86
86
84
86
86
86
86
84
82
84
86
86
86
86
84
84
84
84
86
84
86
88
86
84
84
86
88
84
84
84
84
82
84
86
84
88
86
86
84
84
84
86
84
86
82
84
86
86
86
86
84
86
82
86
86
84
86
86
86
84
86
84
86
86
86
86
84
84
86
86
84
86
86
86
82
84
84
84
86
86
86
82
84
82
86
86
90
92
92
298
88
300
86
84
84
86
86
86
84
86
84
84
84
84
86
86
86
84
86
86
86
84
84
86
84
86
86
84
84
86
84
86
84
86
86
86
86
86
86
84
86
84
86
86
84
84
84
86
86
86
84
86
86
86
86
86
82
84
86
86
86
84
84
84
84
86
86
84
84
84
86
84
84
86
86
84
84
86
86
86
84
84
82
84
86
84
86
84
86
86
86
84
84
86
86
86
84
86
84
84
86
86
86
84
86
84
86
82
86
84
84
86
86
84
84
86
86
86
86
86
86
86
84
86
86
84
86
86
86
84
86
84
86
86
86
84
84
86
84
86
86
84
84
86
86
86
86
84
84
84
86
86
84
86
86
86
84
82
84
82
84
84
84
86
84
82
86
86
86
84
84
84
84
84
86
86
86
84
84
82
84
84
86
84
84
84
82
84
84
86
86
84
84
86
86
86
86
86
86
84
86
84
86
84
84
86
86
84
86
84
84
84
86
88
88
84
86
86
84
86
84
86
86
84
84
84
86
86
84
84
84
86
84
86
86
84
82
84
84
84
86
86
84
88
86
84
84
86
84
86
84
82
86
84
86
84
84
86
84
84
84
86
84
86
86
84
82
90
86
92
92
300
86
84
84
86
84
84
84
86
84
86
86
86
86
84
84
84
84
84
86
86
86
86
86
84
84
86
86
86
86
86
86
86
86
86
86
84
86
86
86
84
86
84
84
86
84
86
86
84
86
84
84
82
86
84
84
84
86
84
84
82
86
86
84
86
86
84
84
86
86
86
86
84
86
84
84
86
82
86
84
86
86
86
86
84
84
86
84
86
86
86
84
86
84
86
84
86
84
86
82
86
86
86
84
84
86
84
86
86
86
86
84
86
84
86
86
86
86
84
86
84
86
82
84
84
86
86
86
86
86
86
84
84
86
86
84
84
84
84
84
82
84
84
86
84
86
84
84
86
84
86
86
86
84
84
84
86
84
84
86
84
84
84
86
86
84
86
82
84
84
86
86
86
86
86
86
84
86
86
84
86
84
86
86
84
86
86
88
84
80
86
84
84
86
86
84
84
84
84
86
86
84
82
86
82
86
86
84
86
84
84
82
84
84
86
86
86
86
84
86
86
86
82
82
84
84
86
84
86
86
86
84
86
84
84
84
84
86
82
84
86
86
86
86
84
84
82
82
86
86
82
86
84
86
84
86
86
86
86
84
86
84
84
86
84
84
86
84
82
86
86
86
84
84
82
84
86
86
86
84
84
84
82
86
84
84
86
86
86
84
84
84
84
84
86
86
82
84
84
84
84
84
82
84
84
84
86
86
86
86
84
82
84
84
86
86
84
84
84
84
86
84
84
86
82
86
84
84
84
86
84
86
84
86
86
86
86
86
86
84
86
84
86
86
88
86
82
86
84
86
84
86
86
84
84
84
86
84
86
86
86
86
84
86
86
86
84
86
82
84
86
86
86
86
84
86
86
86
82
86
84
84
86
86
84
86
86
84
84
86
86
86
86
82
86
86
86
86
86
84
84
86
86
86
86
84
84
84
86
86
86
84
86
86
84
86
86
86
86
86
84
86
86
84
86
84
84
86
84
86
86
84
84
86
86
86
86
86
82
84
84
84
84
84
86
84
84
86
84
84
86
86
86
84
86
86
84
84
86
84
84
84
86
84
86
84
84
84
84
86
84
84
84
84
84
84
88
84
86
86
84
84
84
86
86
84
86
86
86
84
82
86
86
84
84
86
92
90
88
88
296
296
294
296
298
296
298
296
296
296
294
348
298
296
298
296
292
298
296
294
296
296
298
296
298
296
292
296
296
298
296
300
292
298
982
296
300
296
296
296
298
294
296
296
296
298
296
296
296
294
296
294
298
296
298
296
296
294
294
294
296
298
296
296
296
294
296
296
298
294
296
294
294
848
296
294
296
298
296
296
298
296
294
294
292
296
296
296
294
298
296
294
296
296
296
296
1516
298
296
296
296
296
292
296
294
294
296
294
298
296
294
296
632
298
296
296
294
296
294
298
296
294
298
296
296
296
296
296
298
294
296
298
296
296
294
1352
294
296
296
296
296
294
294
296
296
296
296
298
298
296
294
704
296
296
294
296
296
300
296
294
296
296
294
296
296
298
294
296
298
296
296
296
294
294
1226
294
298
298
296
300
298
296
296
296
294
298
298
296
298
294
492
296
294
296
298
296
296
296
296
294
296
296
296
294
296
294
296
296
296
296
296
298
296
606
294
296
296
296
294
296
294
294
298
296
296
294
298
296
296
356
296
294
298
298
296
296
294
294
296
296
296
296
296
294
296
296
296
296
296
294
294
294
906
298
296
294
296
296
294
294
292
298
294
294
292
292
296
296
298
296
298
296
294
294
296
294
296
294
294
298
296
298
296
294
296
292
296
294
298
298
296
784
296
294
294
294
294
296
294
294
294
296
296
294
296
296
296
296
298
294
296
298
296
292
1516
294
294
296
296
296
292
294
296
298
296
298
294
294
294
296
722
294
296
292
294
294
294
298
298
294
294
294
292
294
294
296
292
294
296
294
296
296
296
1346
296
294
294
294
294
296
294
296
292
296
292
298
298
298
296
630
294
294
296
294
296
296
294
296
294
290
298
294
298
300
296
296
294
294
294
298
296
294
1144
294
296
298
294
294
296
294
292
296
298
298
298
294
296
294
512
290
296
294
296
296
294
294
296
296
294
296
294
294
294
294
296
296
296
294
294
294
296
1050
296
296
298
294
292
296
294
294
294
296
294
294
298
296
294
348
296
292
294
292
296
296
294
296
292
294
298
296
300
294
298
296
292
296
296
296
298
292
888
298
298
294
294
296
296
296
294
296
296
294
296
292
294
294
294
298
296
298
290
296
294
294
294
294
294
296
88
300
86
84
84
86
86
86
86
86
86
84
86
84
84
86
84
86
84
86
84
86
86
84
86
84
84
86
84
84
86
84
84
86
84
84
86
86
88
86
86
82
84
86
86
86
86
84
86
82
86
84
84
84
84
84
86
86
84
86
84
86
86
82
86
84
84
86
88
84
82
86
86
86
84
86
82
84
86
86
82
86
86
84
84
84
86
86
82
86
84
86
86
86
84
86
84
84
86
84
84
86
86
84
86
84
84
86
84
86
86
88
80
84
84
