68
246
240
290
262
308
244
268
238
312
266
264
264
242
242
260
266
266
268
266
266
266
262
268
268
266
268
266
250
266
266
270
244
242
248
264
264
312
266
538
264
262
248
270
264
302
266
242
244
268
264
268
248
262
248
268
270
266
268
674
264
264
266
268
1434
266
268
268
268
268
266
266
266
266
264
266
266
268
264
264
268
266
270
266
264
266
270
266
268
1528
270
266
264
268
264
266
346
264
264
264
264
264
268
262
268
268
266
268
268
268
266
268
268
266
266
266
266
264
264
266
264
438
266
266
268
268
268
266
268
262
266
270
268
268
264
264
266
268
268
268
266
264
268
264
266
266
406
266
264
266
244
420
266
264
254
250
266
298
244
252
362
268
338
264
278
298
268
264
242
266
280
292
266
260
266
250
244
246
256
266
246
258
266
246
268
256
278
640
414
242
300
270
246
308
610
1618
242
524
300
472
242
316
456
330
246
346
326
304
242
288
266
354
270
242
632
594
244
250
352
266
254
518
464
322
250
320
248
322
418
304
246
360
244
264
268
244
314
268
268
242
262
244
280
270
242
246
244
266
266
266
242
274
246
1216
244
288
244
302
262
244
314
242
272
288
468
268
244
320
300
260
254
298
242
242
250
1160
244
246
246
242
298
240
1104
246
244
266
266
270
268
266
268
272
268
264
264
266
906
264
266
268
270
270
268
266
264
268
270
266
266
268
268
264
268
270
268
268
268
264
266
270
268
1218
272
268
242
246
244
268
272
266
248
266
266
268
268
268
264
264
270
244
246
270
268
266
266
270
816
268
268
266
268
266
266
442
266
268
266
266
266
268
272
270
268
266
266
266
268
270
268
264
266
760
268
270
266
266
244
268
456
266
268
268
270
266
246
244
270
272
240
244
240
268
264
266
266
268
1094
268
248
268
266
266
276
470
268
266
270
266
242
266
268
268
266
270
266
268
270
270
270
270
268
262
266
246
266
266
266
268
750
400
268
242
270
266
268
268
270
270
268
266
244
268
244
266
266
266
270
270
268
242
270
244
266
680
270
270
268
262
268
268
268
268
266
268
268
268
270
266
268
268
268
1162
270
264
266
268
268
266
856
246
264
266
266
268
268
242
270
244
264
270
268
266
244
268
266
270
266
270
240
268
266
268
268
266
266
266
270
268
268
266
244
270
264
268
266
266
266
244
244
242
244
244
270
272
248
282
244
278
1086
266
264
264
268
268
268
268
268
272
256
246
266
264
268
246
270
1150
268
268
244
266
272
266
270
242
270
268
266
266
264
266
272
268
268
264
268
266
268
270
268
264
268
268
270
268
274
264
266
268
1268
266
266
270
268
264
244
244
272
268
270
262
268
266
266
270
266
270
266
266
272
270
264
270
266
268
266
266
266
266
268
268
346
266
268
268
266
266
270
266
268
270
264
268
266
266
268
268
268
268
266
268
270
268
266
264
272
414
268
266
272
266
266
268
270
268
262
266
268
270
264
268
268
264
268
354
266
268
266
266
270
268
598
264
270
268
264
268
268
266
266
268
264
270
264
264
266
268
266
268
270
268
268
264
268
268
270
704
264
264
242
270
264
268
266
264
268
266
270
270
272
268
246
270
268
266
266
266
268
264
266
268
268
270
268
268
268
266
268
266
270
266
266
270
266
266
266
268
266
266
266
266
270
266
270
270
268
940
268
268
268
268
270
266
272
264
266
266
268
268
270
268
272
268
264
266
270
268
272
270
268
266
1208
272
266
268
270
272
270
270
264
266
270
270
268
266
266
268
268
270
268
266
266
268
270
264
266
1242
268
268
266
266
270
266
264
268
268
270
262
268
266
266
268
270
270
1000
268
266
266
268
266
266
1358
270
264
372
266
266
272
268
266
264
268
264
266
266
268
268
268
268
264
266
266
268
264
268
270
1530
262
268
264
268
264
270
360
268
318
266
266
266
270
268
268
268
270
264
268
268
268
268
266
268
268
268
268
268
266
264
266
590
268
266
274
270
268
268
264
268
266
264
266
268
268
268
264
268
268
268
268
268
266
270
270
270
744
266
266
266
262
266
268
264
268
268
270
268
262
266
266
268
266
266
272
268
262
264
272
270
268
664
270
268
268
266
272
266
268
264
270
268
266
268
264
270
330
268
270
266
264
270
266
268
268
264
894
264
266
266
270
268
266
266
270
268
268
266
270
266
266
268
268
266
266
266
266
268
266
270
266
1110
262
1488
268
270
268
270
270
268
268
264
266
264
266
270
270
266
266
268
272
266
268
268
268
268
1132
264
268
268
264
266
266
266
264
266
266
266
264
266
266
264
268
270
268
270
264
268
270
266
264
1132
268
270
266
268
268
264
244
266
266
264
268
268
266
266
264
264
268
270
268
266
268
268
262
264
1316
264
268
266
268
266
264
268
266
266
266
268
268
264
264
266
270
268
266
266
270
270
264
266
272
1394
266
266
264
270
264
270
300
268
266
268
268
262
266
270
270
268
268
268
268
268
268
266
270
266
1472
266
270
266
264
268
268
296
266
270
266
264
266
266
266
264
266
266
266
266
270
272
270
266
268
268
270
266
272
268
268
266
500
266
270
266
264
268
268
264
266
268
268
266
266
266
268
268
270
268
268
270
264
270
266
268
264
684
268
268
268
266
266
270
270
268
270
268
268
264
268
264
270
270
272
1090
266
268
272
272
268
268
792
266
272
270
268
266
264
266
266
262
266
268
268
266
266
268
268
270
268
266
266
270
268
270
270
392
262
268
268
268
266
270
264
266
264
266
264
266
262
262
266
264
264
264
266
266
264
264
270
266
1086
266
266
264
264
268
268
268
266
266
264
264
264
264
264
266
264
264
266
262
266
264
264
268
262
974
266
266
266
268
264
268
272
266
268
268
264
262
268
264
264
266
268
262
264
248
266
266
264
266
1330
262
266
268
270
264
266
382
264
266
266
266
266
264
268
268
266
268
266
262
264
262
270
266
266
1356
264
264
272
262
262
264
502
268
268
264
268
264
262
266
266
268
264
268
270
266
266
270
264
266
264
262
264
264
268
268
264
590
264
264
268
268
266
268
268
264
268
266
268
268
264
268
268
268
262
1516
266
268
268
268
268
264
508
264
268
268
264
268
266
262
266
266
268
262
266
266
264
262
264
266
266
262
266
266
268
264
266
624
268
266
268
268
268
264
266
264
266
264
264
270
266
264
264
266
264
264
264
266
266
270
262
264
632
264
270
266
264
266
268
268
264
266
266
268
266
262
264
266
268
266
264
268
264
264
266
266
264
968
268
268
266
266
268
264
266
270
266
262
268
268
266
268
268
266
266
270
264
268
266
266
264
268
1220
268
266
268
264
266
270
266
266
268
266
266
270
264
264
264
268
264
266
262
268
264
266
270
266
1296
268
270
266
264
266
264
264
266
266
266
266
270
268
268
264
262
266
268
264
264
268
266
264
264
984
264
266
266
268
268
264
260
268
266
268
264
264
264
266
268
264
264
266
266
266
266
264
266
268
268
268
268
264
270
266
264
268
264
266
266
264
268
268
266
262
266
264
266
268
268
268
260
268
266
268
268
268
268
268
268
268
476
268
264
268
264
270
262
266
268
270
266
266
266
268
264
264
264
266
268
266
266
264
264
270
264
784
268
266
266
264
268
268
264
264
264
266
264
268
266
266
266
268
266
264
268
264
266
264
264
266
838
268
264
264
264
266
264
268
270
266
264
268
268
266
270
268
266
266
270
264
266
270
262
264
268
910
268
268
268
264
266
266
266
266
266
268
268
264
264
266
266
266
266
266
264
268
268
266
266
264
1138
268
268
264
264
268
268
264
266
270
268
264
266
270
264
266
266
268
268
266
268
272
266
262
264
998
266
268
266
262
264
266
266
268
268
270
270
268
266
268
262
266
264
268
266
266
264
268
264
264
1082
266
266
266
264
248
264
242
264
266
242
266
248
268
258
264
264
266
270
268
268
268
268
268
264
1498
260
266
264
266
264
268
454
268
266
266
266
266
268
268
268
264
264
264
264
266
266
266
266
262
266
270
270
268
264
264
266
560
266
266
268
264
262
270
266
268
266
268
268
268
264
266
266
266
266
268
268
266
268
266
264
266
580
266
268
264
264
264
266
268
268
244
268
262
264
264
264
268
262
266
266
266
264
264
268
266
266
744
266
262
262
264
264
266
266
266
264
268
264
268
264
264
262
264
266
264
266
268
266
268
266
262
264
266
262
266
266
268
266
266
268
268
268
268
268
266
268
240
242
244
246
262
300
264
242
264
246
1354
240
256
244
266
240
268
346
266
264
266
266
268
264
264
270
268
268
244
268
264
268
262
266
264
1098
264
266
266
264
266
264
266
244
266
266
264
264
266
264
264
266
266
266
264
266
262
284
268
270
962
266
266
266
268
262
256
290
268
264
264
268
238
242
264
264
266
268
268
268
270
266
270
264
262
1304
266
266
266
268
266
264
246
264
266
264
266
268
266
264
266
264
266
264
268
244
280
264
262
262
244
268
264
262
268
266
264
270
266
264
240
266
268
242
266
266
264
240
268
266
268
266
268
264
264
1456
244
268
268
268
266
266
268
296
264
266
264
268
268
264
264
264
264
264
264
268
266
244
268
244
1298
268
264
240
266
266
268
266
242
264
264
262
242
266
260
268
266
244
270
238
264
264
238
266
268
270
266
266
270
266
264
268
266
264
268
266
270
268
266
250
266
266
262
264
252
264
268
268
260
262
268
266
264
266
242
264
268
720
238
264
268
262
266
266
264
268
264
240
268
266
268
264
300
268
264
266
264
266
264
238
270
266
806
264
298
244
244
262
244
242
244
266
268
264
262
268
270
262
264
262
1502
268
266
268
268
266
240
344
268
264
264
242
242
266
264
268
270
262
266
264
264
266
268
268
262
266
264
268
268
266
266
268
1308
266
268
266
266
266
266
266
268
268
266
268
266
268
266
262
266
264
266
262
264
268
262
268
266
1362
266
264
268
268
268
266
266
268
266
264
268
268
266
264
266
268
266
264
270
266
262
266
266
264
264
268
262
270
262
268
268
266
266
264
268
266
268
264
266
266
262
268
268
264
266
262
266
268
266
264
266
266
266
270
266
266
264
266
266
266
266
264
266
268
268
262
264
270
262
270
268
268
266
270
264
264
268
264
264
266
266
266
266
266
244
266
264
268
262
264
264
268
266
266
268
264
266
264
266
266
266
268
268
268
262
266
726
268
264
262
268
266
264
264
268
266
266
266
268
266
266
262
268
264
264
266
266
268
266
266
266
770
264
266
268
264
272
264
262
268
266
262
264
266
266
270
266
264
264
264
268
264
266
264
268
266
348
264
266
264
268
268
268
264
268
266
266
266
262
268
266
266
270
422
266
268
266
266
268
268
262
1104
266
266
262
266
266
264
268
262
268
266
266
266
268
268
264
262
264
262
268
264
268
268
266
268
1198
268
350
266
264
268
266
242
266
262
266
266
268
266
264
268
268
264
264
264
266
268
262
262
266
1330
262
262
268
268
268
266
264
266
264
266
268
266
268
262
266
266
266
266
266
266
270
266
268
266
1536
268
266
268
266
264
266
384
264
266
266
266
268
272
264
266
264
264
268
266
268
268
268
266
264
1486
270
266
268
268
268
266
484
264
266
524
264
266
266
266
266
266
270
266
266
350
266
266
266
264
1384
266
266
266
266
266
272
616
268
268
266
264
266
266
270
266
268
268
270
266
268
264
266
266
270
268
272
330
268
262
268
266
712
266
266
266
266
264
266
268
264
260
270
266
266
266
264
266
268
266
264
264
266
266
266
264
268
810
266
262
266
268
266
264
268
268
266
270
264
264
264
266
268
268
264
270
266
266
264
264
266
268
592
266
264
266
266
266
268
262
266
266
266
268
266
264
264
268
266
266
1222
266
266
268
264
268
246
738
264
270
268
266
266
268
264
264
268
268
266
268
266
266
268
264
264
266
264
264
268
264
266
266
558
270
244
244
266
266
264
266
264
266
268
268
266
268
264
264
266
268
268
262
266
268
264
264
264
1276
264
268
268
266
264
266
266
268
264
268
268
264
264
264
268
270
264
262
266
268
264
266
266
266
1208
266
266
268
268
266
268
378
264
266
266
266
264
266
266
266
270
264
266
268
266
268
268
268
266
1380
264
264
262
266
268
262
408
268
268
266
260
264
266
242
266
268
268
264
266
270
266
266
258
266
264
266
268
266
264
268
266
358
266
266
268
268
266
266
268
268
266
268
264
266
266
266
264
268
244
1402
268
268
268
266
266
264
550
268
266
266
266
266
270
262
268
268
262
264
268
268
264
268
266
270
264
264
268
268
266
266
268
730
268
268
268
266
268
262
268
266
262
270
268
266
266
266
266
264
264
262
268
266
262
266
268
266
792
268
268
268
266
266
264
266
266
264
266
264
262
272
264
266
268
266
266
266
266
268
264
266
264
882
266
266
270
266
266
268
266
266
266
268
266
268
268
266
268
266
268
268
264
270
266
264
262
270
1200
266
264
266
264
268
264
266
268
264
264
266
266
266
266
268
266
264
264
264
270
266
264
264
266
1312
266
268
244
264
264
264
268
264
270
266
268
266
268
270
264
266
266
266
268
264
264
266
268
268
1448
266
266
264
264
266
264
292
266
266
266
262
266
268
268
266
264
264
268
266
262
268
266
264
266
1006
264
264
264
270
266
268
336
266
264
266
262
268
264
268
264
266
266
264
266
266
268
266
268
268
266
264
264
266
266
268
266
266
264
268
262
266
266
268
264
268
266
266
260
266
268
264
264
264
266
266
266
262
266
264
266
266
588
266
264
264
268
268
268
266
266
268
266
266
266
264
266
264
268
264
264
264
266
268
262
262
264
814
266
264
264
264
266
264
268
266
266
266
270
268
266
264
266
264
262
266
268
266
266
266
268
270
892
264
266
266
268
266
266
266
266
266
266
270
266
264
268
266
264
262
266
264
264
268
266
262
268
266
266
264
266
266
264
264
268
268
266
268
264
268
268
264
262
264
268
268
266
268
266
262
266
262
1134
264
266
264
268
264
268
266
266
266
266
270
266
266
268
266
244
264
262
268
264
266
266
268
262
1348
266
264
266
266
264
264
268
268
266
266
268
266
264
266
266
262
266
262
266
264
270
266
266
264
1134
260
268
266
264
266
266
260
262
266
266
264
264
268
266
262
264
268
262
266
268
266
266
268
264
1434
266
266
268
242
264
270
416
266
266
264
264
266
264
266
266
266
268
264
264
264
264
268
266
264
266
268
266
266
264
266
266
514
268
266
266
266
266
264
264
266
266
266
268
264
268
266
264
268
266
1460
266
268
268
266
264
266
634
264
266
264
266
264
266
266
268
268
270
264
268
266
270
268
264
262
1228
266
268
266
262
266
268
696
264
266
264
266
264
266
268
262
266
268
268
268
262
266
268
262
266
266
268
266
266
264
266
268
378
266
266
264
266
264
268
264
266
268
270
262
264
268
268
268
266
268
268
268
266
266
266
262
270
930
268
264
264
266
268
266
262
270
266
268
268
266
262
262
268
266
266
264
264
266
266
266
262
266
1084
266
264
268
264
264
266
266
268
268
268
266
266
264
262
266
270
268
264
266
268
262
266
266
266
1212
268
266
264
266
264
268
262
270
268
268
264
268
268
264
266
262
266
266
266
264
266
262
268
266
1274
266
264
266
270
268
264
264
266
268
264
266
268
268
268
266
266
264
264
268
266
264
266
272
270
1426
270
262
262
266
270
266
266
264
266
266
264
268
266
268
266
260
268
266
262
266
270
264
268
268
266
264
268
266
266
266
266
466
264
266
270
264
268
268
268
262
266
266
264
266
268
264
262
266
264
264
268
266
270
266
266
262
396
266
264
266
268
266
264
266
266
264
266
268
266
266
270
266
264
266
262
264
268
268
264
266
266
672
264
266
264
266
266
270
264
264
268
268
264
264
264
268
264
268
264
268
264
264
264
268
268
264
502
266
262
266
270
264
266
264
264
264
266
264
270
264
264
268
266
264
266
264
270
266
266
264
268
866
266
262
264
270
266
264
268
268
264
266
268
264
268
262
264
268
264
266
266
266
260
262
264
268
1126
264
262
266
264
266
264
266
268
268
268
266
266
262
264
264
266
266
270
262
266
268
268
264
266
526
264
266
266
268
266
264
266
270
266
268
268
262
264
266
268
268
268
266
268
262
268
266
268
266
1390
268
268
266
262
266
264
268
262
266
268
266
264
266
266
266
268
266
266
266
266
268
268
266
262
1500
268
266
268
266
266
268
280
264
266
266
264
266
264
268
268
266
264
266
264
270
266
266
266
268
266
266
264
266
266
266
266
264
270
268
266
268
268
264
264
266
268
264
266
266
262
266
262
266
266
264
268
268
266
268
266
264
720
266
264
268
264
264
266
266
266
268
266
266
264
266
264
268
264
266
262
268
264
270
268
268
266
780
266
266
266
264
266
264
266
268
268
264
264
266
266
264
266
266
262
266
266
266
270
268
268
262
884
266
266
264
264
268
266
262
268
268
270
264
264
264
266
266
264
268
268
270
268
268
264
264
262
720
268
266
264
266
268
266
266
268
266
264
266
266
264
264
266
266
268
268
264
266
266
266
264
264
1078
266
268
266
266
266
264
266
266
266
262
266
266
264
268
268
264
262
266
264
266
268
264
266
266
82332
268
266
268
264
266
262
264
268
266
266
266
264
266
268
270
264
262
262
266
262
270
266
266
268
1290
266
266
266
266
268
266
364
264
264
266
268
264
264
264
268
244
264
266
268
268
268
266
262
264
1388
266
260
266
262
266
264
316
264
266
268
264
266
270
268
268
264
264
264
268
268
266
266
266
262
1050
266
266
266
264
268
264
464
262
266
266
266
264
264
268
268
266
266
266
266
266
266
266
268
266
266
264
266
268
266
266
266
264
262
272
268
268
266
266
268
270
262
264
268
268
268
266
270
266
262
264
266
268
266
266
264
266
690
264
270
266
262
262
264
266
266
266
266
266
266
266
268
264
268
264
266
268
264
268
264
264
266
566
266
266
270
264
266
266
264
266
264
266
264
262
264
262
264
264
266
268
264
262
266
266
266
266
862
266
266
268
266
266
264
268
264
266
264
264
268
264
268
268
264
266
262
270
266
268
264
270
264
1078
262
268
264
262
264
266
268
266
266
262
268
264
264
266
264
266
260
266
266
266
262
260
266
264
1104
266
266
270
266
266
268
264
268
266
268
268
266
264
264
264
266
268
266
266
266
262
266
264
264
1172
266
266
266
266
268
266
268
266
268
264
264
268
266
268
266
264
266
266
266
268
270
262
266
266
1302
264
270
268
266
264
266
286
266
264
266
264
266
268
266
266
266
264
270
266
270
266
266
264
268
1466
264
264
266
266
266
264
390
266
262
268
264
270
266
264
266
264
264
266
266
264
266
264
266
266
262
266
266
268
264
268
266
546
264
266
266
266
262
266
268
266
264
266
266
264
264
266
268
266
270
264
268
264
266
268
266
264
604
266
268
266
266
268
266
262
240
268
266
266
268
266
268
266
262
266
1422
266
268
268
268
270
266
802
266
266
266
266
264
268
262
266
266
268
264
268
264
266
268
268
264
266
268
268
266
268
264
266
340
270
266
264
268
266
262
266
264
266
268
264
266
268
268
268
264
268
264
268
266
264
264
268
264
1042
264
266
268
264
266
266
266
266
262
268
266
264
266
266
270
266
264
266
264
264
268
264
268
266
1270
264
266
262
264
266
266
262
266
266
270
266
268
266
268
266
262
264
268
262
264
268
266
262
264
1302
272
266
266
268
268
266
266
266
268
268
266
266
266
266
264
270
270
264
266
266
268
266
266
264
1466
266
264
266
266
268
266
262
262
264
266
266
268
266
268
268
270
264
264
268
264
266
266
268
266
266
264
268
266
266
266
266
266
266
266
264
268
264
266
266
264
268
264
262
268
262
268
266
264
268
264
264
268
268
266
266
264
682
266
266
266
264
268
264
266
268
266
266
268
264
268
264
266
266
266
264
266
264
270
268
270
266
712
268
264
266
262
266
268
266
266
266
264
266
268
266
266
264
272
266
268
266
262
270
266
266
264
800
266
264
266
264
266
266
268
262
264
268
264
268
268
264
266
266
266
264
264
262
268
266
268
266
940
266
268
266
268
264
266
268
266
268
268
266
264
268
266
266
264
264
268
266
268
266
266
268
268
1110
266
264
268
264
268
266
266
266
266
264
266
268
268
264
266
266
266
266
266
268
268
266
264
266
1184
268
264
266
264
266
264
264
270
266
266
266
266
266
268
270
266
264
266
264
268
266
264
264
266
768
264
264
270
268
266
264
266
268
264
266
266
268
266
266
262
266
270
264
268
268
266
264
266
264
1412
268
264
264
266
262
268
268
268
266
264
266
264
268
268
268
264
264
270
266
264
262
266
266
268
1482
266
266
268
266
268
266
420
264
262
270
270
266
268
266
270
264
266
268
262
266
266
268
266
266
264
266
266
262
266
266
268
264
264
264
268
264
272
266
268
266
268
264
266
264
264
264
268
266
264
266
264
268
266
268
264
266
428
266
266
266
268
264
266
264
264
270
264
264
268
268
264
264
264
266
262
266
266
268
264
262
270
738
268
266
268
268
268
266
268
266
266
264
266
264
266
270
266
266
266
266
262
264
264
270
266
268
920
262
264
266
264
262
266
268
262
266
266
268
264
268
266
264
266
266
268
268
264
266
266
264
264
988
262
244
264
266
268
270
268
264
266
266
270
268
266
266
270
268
268
268
264
266
266
266
272
268
1134
266
266
262
264
266
264
262
264
266
264
264
266
266
268
266
262
268
264
266
266
268
266
262
266
1028
266
266
268
268
268
260
264
266
270
266
264
266
268
268
264
266
268
264
262
264
264
266
264
264
1444
266
268
268
268
268
266
332
270
266
266
268
268
264
270
264
264
262
268
262
268
264
266
266
264
1466
262
264
266
266
268
266
316
266
264
268
266
264
262
268
266
262
264
266
264
266
266
266
266
268
994
264
262
264
266
266
262
594
264
270
266
266
270
264
268
266
266
266
268
268
268
270
268
268
264
1540
266
266
264
264
268
264
268
270
266
264
266
266
266
268
264
266
266
268
270
264
268
268
264
264
268
266
266
266
266
264
266
748
264
262
268
266
262
264
266
266
268
264
266
266
262
266
266
264
266
264
266
268
268
264
266
266
888
268
264
264
268
264
268
266
264
262
270
268
264
266
268
264
266
264
264
264
268
266
268
270
268
950
264
264
266
266
264
268
268
272
264
268
264
266
266
268
264
270
268
268
266
264
262
266
266
268
940
266
268
266
268
268
266
268
266
266
262
264
266
268
266
266
268
268
266
266
264
266
266
264
266
1256
264
264
266
268
266
262
262
266
266
270
264
266
270
