526
1063
413
1120
440
562
464
449
475
443
394
395
431
483
413
405
1170
567
431
832
407
456
511
416
404
559
402
416
422
416
407
416
410
416
402
494
425
408
428
452
410
399
404
410
402
391
410
413
407
808
419
392
391
469
416
449
404
416
434
449
419
438
407
567
471
511
402
452
401
405
448
505
410
476
384
434
433
416
434
437
410
424
392
413
399
401
404
410
398
452
413
449
404
390
401
448
393
407
416
449
401
391
430
392
398
496
422
449
416
457
403
404
422
475
460
407
442
454
419
465
410
444
419
398
440
502
442
1016
413
556
451
404
410
410
398
404
422
1087
416
458
422
443
416
446
413
455
419
458
410
466
377
446
416
434
399
401
404
410
392
410
410
413
407
410
445
395
410
410
422
416
425
398
416
445
422
398
410
407
402
407
416
427
448
407
410
401
410
407
405
413
413
410
416
413
463
404
416
407
458
407
422
410
410
1280
413
407
410
451
377
402
390
394
398
472
394
398
410
456
425
398
419
458
407
446
402
451
404
494
1271
437
413
452
410
469
702
454
407
402
455
505
395
449
410
416
419
398
446
467
404
512
401
410
410
410
398
455
419
1366
407
410
396
391
419
416
413
458
416
395
762
393
398
395
398
489
41019
456
404
399
468
455
410
440
410
452
391
469
398
466
402
443
395
445
559
407
410
452
410
410
467
410
386
511
419
425
407
454
413
508
410
410
407
449
410
413
402
503
416
463
393
434
410
422
410
458
386
446
402
479
410
472
410
457
410
452
1040
511
811
428
410
1135
392
402
416
407
407
452
407
410
387
431
410
451
419
529
410
398
443
416
422
410
413
410
413
413
399
404
410
392
383
443
404
402
413
419
404
397
419
514
419
500
416
416
434
497
416
452
416
520
422
460
455
573
422
410
419
1233
405
416
410
422
410
549
416
416
416
511
445
416
407
410
393
1216
404
398
404
534
399
456
407
407
399
407
416
410
407
443
448
492
462
425
408
410
1227
400
419
410
410
455
404
505
399
552
410
440
398
463
413
407
455
460
437
413
404
410
458
437
401
440
413
410
413
448
401
410
431
10657
997
413
394
44894
398
388
404
446
386
404
413
422
401
401
410
953
410
407
1141
407
404
402
410
402
398
405
410
466
410
416
413
443
398
407
410
484
404
802
410
391
407
384
440
391
413
392
441
457
376
413
407
416
407
398
392
410
410
382
416
384
407
389
466
407
413
410
463
463
416
463
413
402
390
413
410
416
398
404
430
446
413
491
410
398
394
392
399
416
413
419
408
416
416
472
407
410
416
410
405
458
431
405
405
452
413
452
396
488
407
440
396
410
404
407
413
469
751
547
402
419
410
508
395
410
419
419
395
398
410
401
407
395
401
451
419
442
407
440
425
433
392
398
404
457
410
449
416
422
413
449
416
462
472
398
416
406
433
410
1144
416
419
399
390
410
413
411
407
399
402
425
416
404
422
977
404
398
398
399
466
407
1331
422
455
467
398
395
407
1358
407
410
401
419
398
416
410
407
428
561
413
452
419
443
389
448
404
440
391
494
497
395
413
458
402
451
672
443
404
461
422
472
433
455
399
461
419
463
410
450
410
469
437
460
612
451
416
453
413
416
410
592
410
402
398
404
404
419
413
408
401
398
410
410
422
390
1258
407
422
407
410
395
407
419
413
402
395
413
416
401
398
394
416
402
419
452
395
395
416
401
695
396
416
411
390
410
401
416
413
479
401
428
413
459
407
466
416
450
419
455
410
511
410
440
404
490
400
445
407
566
410
451
398
393
416
449
410
463
410
452
398
446
437
514
400
410
403
1210
395
398
410
505
413
473
419
466
410
452
452
410
422
452
422
489
404
464
401
399
410
396
416
413
413
441
398
789
413
478
422
463
395
422
410
419
956
410
823
410
440
416
419
410
419
407
419
416
398
410
401
399
466
389
404
455
399
428
410
407
440
419
410
399
413
402
413
410
399
410
410
38531
452
404
434
402
410
410
404
754
422
451
404
405
458
451
405
410
413
410
416
413
422
467
399
469
419
410
413
1040
422
422
422
413
413
419
437
472
458
455
410
452
1263
469
407
456
410
514
448
1102
405
413
401
398
395
410
404
451
401
466
451
455
448
448
446
506
416
425
442
869
410
618
410
463
511
446
466
494
410
388
416
389
425
413
529
428
413
461
413
514
458
514
422
452
410
466
413
410
410
452
413
404
413
431
407
396
410
410
410
502
410
511
416
466
407
511
402
402
453
405
410
912
407
39619
399
405
413
395
407
450
398
419
404
455
428
461
407
404
413
508
407
461
407
451
419
489
392
488
603
441
410
547
390
489
401
410
410
443
398
455
707
404
410
453
413
407
410
410
413
410
398
508
399
404
398
462
410
410
398
404
419
398
404
446
387
413
404
437
416
399
393
395
401
550
401
463
407
395
399
395
383
408
413
520
410
459
413
431
410
413
458
390
410
437
402
399
455
408
458
453
410
618
401
407
410
469
404
452
413
398
392
362
407
440
410
432
392
416
410
484
398
404
401
1325
407
508
378
410
517
395
413
399
395
876
416
475
1262
416
419
457
447
395
413
410
407
398
407
463
402
395
440
407
393
392
434
394
407
398
537
505
401
393
399
459
410
410
410
410
394
394
410
455
410
410
455
410
391
466
416
413
399
413
398
443
398
621
390
386
413
396
402
399
395
410
416
413
410
413
1005
441
410
398
395
416
431
410
431
419
410
413
410
422
422
416
407
410
407
407
402
405
475
413
413
401
1212
448
407
451
407
520
410
1184
398
441
407
398
428
393
416
404
413
1218
401
410
410
413
407
413
404
419
456
823
391
811
419
436
410
505
778
457
419
445
410
395
391
407
451
473
419
452
410
466
378
410
410
431
413
463
399
391
399
455
413
410
410
484
405
505
407
517
467
517
463
450
422
505
411
413
410
407
413
413
396
399
410
538
425
974
422
398
407
434
425
464
410
457
413
481
416
407
448
402
413
434
690
438
407
392
429
785
401
526
398
433
472
399
401
440
416
514
460
788
396
502
384
481
465
468
402
398
410
401
413
520
413
561
410
1144
392
615
407
413
404
410
413
399
407
451
413
410
410
395
419
549
1215
455
413
452
407
511
481
433
419
433
416
413
401
413
407
472
419
511
428
1031
407
1491
410
475
425
419
419
431
422
422
454
422
419
419
402
449
422
508
428
419
422
469
422
402
402
452
410
466
413
460
439
413
410
410
434
511
407
424
407
440
410
404
407
410
411
410
410
398
419
398
401
1061
456
552
413
410
413
389
404
391
413
458
410
487
491
410
413
391
402
401
410
410
410
410
413
419
410
410
410
419
404
413
413
532
410
644
431
410
413
407
410
407
410
410
410
439
422
410
398
410
425
410
430
455
465
407
413
402
402
443
402
413
390
395
398
407
416
407
413
451
399
401
403
398
428
1126
402
489
399
393
398
398
402
445
413
393
407
424
390
448
404
413
676
493
391
401
410
446
416
388
406
491
662
450
413
407
413
458
407
499
410
460
384
460
401
440
430
390
421
403
416
428
419
464
401
395
407
411
413
404
419
404
413
431
401
419
771
395
419
398
404
395
398
416
399
398
404
410
422
416
398
621
401
405
398
395
407
410
398
391
401
434
393
391
401
792
410
448
410
397
398
405
404
413
405
404
395
392
413
402
398
446
401
772
398
404
407
461
422
446
407
410
410
398
401
407
422
487
428
453
440
475
410
398
407
463
433
456
422
404
402
430
404
452
392
395
433
392
455
515
413
413
413
407
389
398
384
1230
402
399
399
391
404
422
407
452
442
460
413
451
410
472
407
389
419
454
413
451
416
456
410
462
416
449
413
450
451
449
410
460
413
410
410
463
419
511
419
451
419
472
410
460
399
413
1182
407
410
407
404
455
404
1242
389
428
407
445
442
428
398
452
428
407
404
1279
410
398
398
443
441
443
393
419
407
451
398
446
410
449
404
386
410
452
404
511
398
452
469
440
410
434
499
413
407
399
399
422
419
419
416
461
422
413
431
416
419
404
410
410
478
410
413
422
404
398
395
404
391
875
399
398
413
419
398
422
413
428
416
452
448
413
1185
452
407
451
390
401
402
444
416
399
422
445
413
410
410
419
416
422
413
383
410
455
410
407
407
407
398
463
384
455
407
441
401
401
407
466
402
465
393
403
416
1016
419
410
401
404
403
399
402
469
410
479
410
408
398
425
413
419
410
407
407
407
499
404
410
407
1179
413
473
399
413
410
413
455
416
452
419
410
428
399
422
402
422
404
404
399
410
399
399
496
1349
895
419
547
463
458
404
407
413
410
407
463
13992
410
410
410
416
407
413
508
419
416
419
407
410
410
407
442
534
458
618
410
399
407
401
403
382
468
615
398
416
454
401
413
402
395
413
410
422
395
410
452
410
410
407
475
410
401
398
401
413
410
407
466
410
378
413
416
398
401
416
422
13975
466
416
514
413
422
398
398
402
419
407
401
404
466
401
398
407
410
431
915
402
402
398
404
401
445
395
410
401
410
407
410
398
413
410
404
413
630
399
416
399
395
448
451
413
455
407
9533
407
422
469
410
407
413
405
401
410
393
44290
398
400
395
399
395
398
404
404
410
419
419
419
1215
399
410
407
410
410
413
413
404
407
413
413
455
407
410
390
398
387
419
399
419
422
452
1221
398
1328
382
413
392
422
402
449
399
398
472
407
448
407
437
402
386
407
413
422
416
398
404
398
393
395
410
398
396
390
760
410
431
407
419
416
433
416
413
422
422
421
411
419
422
422
410
416
395
410
413
400
945
410
410
413
407
416
410
407
401
421
438
403
469
401
398
440
395
416
410
458
410
413
1112
410
468
434
438
449
410
422
472
428
1307
402
455
710
454
410
443
404
419
410
404
450
396
445
374
438
44193
1126
413
410
458
410
410
407
390
413
410
416
410
404
480
390
1013
430
399
45351
419
422
413
422
451
395
419
410
419
443
413
407
407
407
416
401
419
463
431
422
407
405
413
431
410
401
398
410
1185
410
402
413
410
410
407
410
410
416
875
410
407
422
401
410
395
396
455
431
410
404
410
413
419
413
410
428
419
399
398
407
446
401
410
399
455
410
398
407
399
416
407
398
402
419
422
396
410
366
401
410
469
455
392
396
785
1144
460
410
410
410
449
398
439
407
410
410
405
410
413
410
407
431
478
410
451
401
398
392
440
384
440
392
438
391
392
405
458
849
399
422
419
404
407
404
930
399
392
385
402
424
398
404
410
410
407
410
402
463
452
924
458
413
410
425
460
402
532
410
455
413
505
410
404
410
407
431
499
422
410
407
407
388
486
395
455
410
452
407
419
410
461
407
410
452
455
410
454
410
455
410
459
437
410
413
407
399
452
407
407
404
427
407
401
793
452
401
511
413
464
425
463
419
413
58811
439
427
434
404
404
407
389
398
444
402
457
416
451
413
416
419
464
452
461
404
466
410
416
416
562
416
455
402
428
401
401
442
410
422
440
428
422
407
398
410
1369
422
419
399
403
400
391
391
399
401
514
422
407
416
398
401
401
413
410
416
451
419
413
407
428
419
398
391
419
419
900
433
410
422
422
469
413
410
419
419
419
567
452
419
410
410
399
413
453
404
461
407
424
419
410
443
437
428
503
401
473
419
452
398
450
393
390
404
410
413
452
413
494
407
410
410
849
687
401
407
446
398
451
398
466
413
410
413
410
968
398
428
469
410
407
407
466
422
404
416
413
416
448
384
413
404
434
393
430
407
446
1060
453
393
463
458
448
433
454
410
410
413
452
1164
413
416
410
413
401
402
405
383
407
425
431
446
392
398
398
390
564
419
407
398
399
892
404
410
404
395
876
398
478
428
422
416
416
410
402
408
404
413
399
985
416
407
448
396
395
410
466
416
407
407
401
404
511
410
413
413
1054
402
894
410
465
393
395
399
399
399
398
416
870
402
446
384
447
401
448
395
410
391
457
393
443
422
395
464
517
410
487
416
451
416
404
407
465
407
456
407
405
398
449
422
452
413
450
410
456
413
446
407
453
410
460
399
461
413
407
419
413
422
419
413
416
431
410
416
416
416
410
416
416
416
416
419
466
416
445
413
402
402
430
425
413
402
473
416
520
428
508
399
455
440
453
404
460
407
413
410
1278
410
454
413
410
422
1155
413
410
407
1179
410
402
416
405
1298
413
393
413
395
404
404
410
413
407
416
431
422
410
401
407
410
410
407
413
416
390
402
401
416
449
399
395
395
401
410
398
398
401
410
413
410
410
399
454
402
484
416
459
395
398
393
410
404
466
416
461
413
458
407
399
443
413
407
398
413
410
413
445
416
401
391
473
407
435
401
444
1096
443
404
440
401
410
413
399
457
742
402
463
419
445
401
455
892
449
411
392
407
463
416
455
410
458
407
449
410
455
413
751
413
995
407
407
413
431
428
422
416
639
413
692
407
488
410
452
407
514
402
398
404
466
422
455
1120
451
407
478
410
410
416
1274
405
399
388
398
399
395
404
457
410
449
413
452
410
416
428
452
410
463
422
452
425
455
463
469
416
481
413
449
407
410
398
404
654
520
413
514
416
514
431
458
413
422
410
419
407
413
653
413
416
407
784
410
399
484
407
449
422
487
410
446
419
413
416
464
402
422
410
410
413
410
413
455
416
829
407
454
399
1245
475
422
410
419
410
422
407
410
422
422
520
422
1189
440
416
422
407
410
410
401
410
410
458
467
422
456
410
443
399
407
413
407
704
416
416
416
416
410
413
402
407
936
422
474
410
413
402
390
413
407
413
398
407
407
388
453
399
472
413
466
407
410
393
404
405
410
413
428
410
502
407
780
407
466
401
451
425
416
407
419
419
402
402
427
413
407
971
410
460
389
404
437
394
391
393
389
395
416
395
425
413
508
413
449
407
407
410
407
413
422
413
770
416
416
422
413
416
500
918
472
402
416
422
440
416
514
416
413
411
511
419
394
410
556
451
452
436
404
394
402
407
410
401
407
380
399
410
398
410
391
456
407
416
404
410
413
401
388
388
443
410
410
416
413
401
410
399
463
405
452
407
453
416
402
401
416
390
498
395
445
404
398
398
398
376
443
449
398
395
393
401
410
394
401
392
393
399
395
410
404
413
784
408
402
455
534
398
443
416
410
410
410
422
573
425
455
398
422
401
448
404
410
399
362
392
398
392
391
469
413
413
416
413
416
408
404
433
419
398
440
416
431
407
407
410
410
419
410
419
438
419
419
402
433
440
413
407
407
701
410
407
422
410
416
416
388
401
413
410
410
455
407
448
438
410
399
421
462
413
413
433
410
410
407
410
410
407
466
416
404
407
777
728
467
395
553
407
508
404
454
416
455
410
490
388
494
416
448
404
511
399
416
1346
416
410
475
401
475
407
447
419
469
1112
479
419
461
454
512
416
413
410
404
398
466
407
455
407
410
401
455
410
514
511
410
395
455
410
410
407
413
410
395
404
451
398
448
399
451
479
384
398
393
540
405
422
478
402
1292
416
449
399
455
395
446
401
391
384
410
395
455
413
410
413
742
413
422
416
458
402
511
407
399
936
402
410
363
1308
407
405
416
419
410
413
433
389
410
416
394
398
401
404
416
402
410
413
405
410
425
419
407
410
419
401
413
410
410
410
401
410
413
410
413
416
419
407
410
407
413
422
422
428
410
410
410
437
402
458
416
410
410
422
404
398
45605
398
393
396
433
407
398
407
1010
407
459
419
419
416
413
407
410
407
396
1179
410
422
419
413
410
410
407
407
410
407
410
419
452
419
422
407
514
419
455
413
410
402
407
410
410
398
422
413
407
422
458
399
407
875
422
399
398
458
404
421
452
440
455
419
410
410
410
407
410
401
427
508
410
413
413
398
448
410
410
410
413
410
399
431
466
811
428
395
419
404
407
410
906
410
413
410
716
388
454
410
407
419
401
413
404
404
401
398
410
1098
392
398
413
413
404
416
443
398
401
422
454
410
398
401
449
413
460
413
410
410
451
419
413
410
431
1251
462
404
445
402
503
401
838
402
556
407
469
416
410
425
402
404
434
410
455
413
442
413
431
410
445
410
463
419
416
399
901
451
410
413
455
458
529
410
465
407
457
398
450
410
472
402
451
392
463
398
454
413
445
390
402
410
444
395
402
413
392
398
398
399
402
410
449
407
395
413
448
1331
410
410
407
410
410
413
407
484
451
410
413
410
410
410
452
413
398
909
410
413
463
401
446
395
456
443
399
407
388
401
398
404
476
394
410
431
453
395
399
407
410
410
393
404
1254
410
453
413
517
1317
461
407
398
419
445
410
440
451
491
405
448
389
453
395
460
399
391
387
445
416
505
494
469
422
454
398
413
413
428
778
455
402
424
416
410
410
407
410
505
422
446
422
472
410
452
410
455
390
402
410
1001
407
565
422
505
410
509
615
526
413
484
410
472
422
407
410
541
413
508
463
455
410
561
413
478
419
410
413
474
579
540
523
458
422
505
410
499
440
484
523
484
544
505
437
475
416
440
416
404
401
399
402
407
401
508
410
457
404
443
419
481
461
449
422
460
402
446
413
449
396
492
396
404
410
410
422
463
404
463
410
410
410
450
398
391
410
455
410
407
413
395
391
493
410
413
437
444
407
443
399
398
392
416
402
407
422
546
391
455
419
457
410
463
413
410
453
468
407
453
413
455
437
443
983
404
410
419
402
472
410
464
410
520
407
416
433
535
456
559
451
399
453
553
422
484
1340
440
394
495
392
453
402
481
410
407
410
401
407
392
416
404
454
463
401
399
867
570
416
399
422
455
404
416
410
410
407
405
410
407
775
410
410
458
410
402
448
407
395
399
413
399
401
399
458
410
410
416
817
453
407
416
416
478
428
466
413
469
448
413
1031
422
410
431
439
431
451
455
407
407
410
398
410
399
410
407
407
410
416
469
410
405
407
490
401
435
392
404
410
467
402
410
1236
410
455
402
404
404
632
401
419
428
471
443
431
431
428
451
425
450
431
428
434
431
434
431
445
422
431
431
463
437
434
13957
1132
431
425
431
1057
427
437
425
425
431
437
419
428
430
431
422
430
460
428
431
419
419
1090
441
430
458
431
431
431
439
434
428
431
419
419
430
463
442
442
445
431
428
437
487
428
437
437
431
431
434
434
427
445
434
428
488
468
537
431
493
425
532
434
502
434
481
416
481
419
419
416
460
387
443
431
428
425
425
454
451
434
493
422
431
434
442
1313
434
424
487
422
452
422
1191
434
469
422
428
437
431
423
447
436
484
419
442
422
422
434
433
410
413
413
1022
443
422
425
455
404
450
422
425
419
487
405
419
425
422
425
445
439
419
422
419
449
422
422
425
425
428
419
446
457
441
428
459
