418
410
426
436
412
418
422
430
440
416
418
424
428
420
438
400
414
430
412
400
412
412
412
412
424
410
412
404
414
896
412
408
420
404
792
410
414
416
412
532
412
428
416
418
416
432
418
400
410
434
414
402
414
416
808
408
414
436
412
912
416
424
416
398
410
398
428
410
410
422
414
410
412
400
418
416
468
480
422
410
436
420
414
400
414
404
416
418
414
398
434
412
418
432
412
426
414
398
410
416
416
402
458
404
412
400
412
398
418
422
418
414
416
400
772
414
416
408
410
408
416
432
414
416
1250
414
416
404
416
398
414
406
414
416
446
426
438
406
414
398
414
412
418
434
412
424
416
428
412
406
418
418
412
416
1342
412
416
400
416
1176
412
404
412
398
1300
420
416
432
414
424
412
414
410
402
410
414
412
414
410
1278
416
398
460
416
430
400
416
412
412
398
414
410
422
398
414
400
412
434
416
418
410
414
410
414
448
426
414
414
416
478
408
402
422
398
1184
402
414
414
414
1090
416
396
410
414
412
414
418
404
414
398
414
422
418
426
418
424
422
404
414
414
416
410
412
400
412
402
420
416
416
414
430
416
414
412
416
412
410
412
420
418
414
410
412
410
426
412
412
416
410
410
414
398
414
420
424
400
416
418
422
412
416
400
416
396
436
412
410
412
422
418
416
400
416
398
414
402
414
396
412
412
416
418
414
410
412
422
414
414
416
432
460
402
432
440
412
408
414
412
416
400
422
396
432
400
412
410
430
418
412
410
412
402
448
398
416
398
414
426
412
420
416
396
462
398
784
414
414
406
424
412
420
406
414
416
432
418
436
414
414
416
416
398
414
400
412
400
412
406
414
404
412
402
418
404
414
432
416
412
416
402
416
410
424
400
424
420
424
412
410
466
418
412
418
404
412
412
416
416
416
396
418
398
430
412
410
420
414
410
412
414
428
414
412
412
1084
414
420
402
418
416
412
400
416
404
414
398
430
398
414
398
414
412
426
414
1062
414
416
402
482
410
412
408
426
422
412
400
418
402
416
400
430
416
416
400
416
408
414
9052
414
414
408
412
410
664
416
412
410
414
420
406
420
398
414
404
418
456
408
400
420
410
412
408
414
412
422
414
426
424
418
416
420
402
420
408
418
402
418
404
424
438
428
416
416
416
416
396
416
406
422
414
412
416
416
418
410
398
440
448
462
660
412
418
426
398
420
412
480
418
418
402
414
402
422
638
414
402
416
414
420
404
414
416
424
398
418
406
412
404
422
1342
416
418
416
878
408
398
440
430
412
398
416
422
434
412
426
414
418
406
416
534
422
400
416
406
412
418
418
424
414
1520
424
428
418
886
1294
396
412
412
414
402
412
426
460
400
410
414
444
414
432
412
416
416
418
518
420
408
418
446
408
400
412
400
412
412
418
414
426
418
416
416
418
420
434
420
420
412
430
414
418
422
422
404
414
1266
414
404
416
398
414
410
416
404
416
416
414
398
412
412
416
416
422
418
418
414
428
416
432
430
410
414
420
406
416
960
442
414
426
414
414
426
482
414
424
412
442
410
424
404
412
410
414
400
420
416
414
412
412
406
414
414
414
414
412
416
412
416
422
418
412
402
412
412
412
768
416
416
412
400
414
400
414
412
430
398
416
412
430
416
414
414
420
412
414
514
414
416
416
408
416
422
418
398
418
624
420
412
416
402
416
414
424
398
414
922
430
414
424
428
676
410
420
400
418
396
432
400
418
402
446
400
426
430
414
404
432
416
432
400
776
402
412
410
418
756
414
414
416
424
414
416
412
402
420
398
414
402
420
420
456
412
414
400
412
786
416
414
410
398
456
414
410
416
428
398
414
432
416
412
780
412
416
412
436
414
414
400
416
430
532
400
412
418
458
396
434
414
460
414
440
414
432
414
420
400
416
400
412
416
1092
402
412
460
410
416
416
402
420
438
804
414
416
398
412
422
424
416
420
410
750
402
414
414
414
468
440
412
412
412
542
414
420
400
414
416
426
398
420
418
470
418
450
414
418
410
410
416
414
404
1180
398
412
418
416
1168
418
416
412
412
1338
420
410
412
414
410
412
418
418
412
1242
414
424
398
418
398
412
396
422
396
412
400
416
400
416
404
422
422
410
416
416
464
414
422
414
416
416
402
424
418
414
412
418
458
416
1148
416
400
416
412
1364
412
420
396
414
398
424
396
420
410
418
418
416
416
414
406
412
420
412
410
454
412
414
414
414
410
410
396
414
400
414
414
416
412
416
428
410
416
414
414
418
396
414
404
416
414
422
412
412
410
410
402
414
402
414
458
408
398
422
398
694
398
420
416
416
610
416
396
414
414
410
416
414
400
424
412
418
414
412
396
414
402
418
420
416
982
414
412
416
420
412
420
420
412
416
398
414
412
416
418
416
416
416
410
414
414
414
414
414
412
432
400
420
400
410
414
418
416
416
416
428
416
420
412
420
1296
416
402
410
412
412
414
416
416
432
696
416
424
432
410
1350
650
418
410
432
772
412
412
428
414
1288
418
414
406
414
418
416
412
418
412
412
420
418
418
412
400
414
398
414
414
414
416
412
430
416
414
412
414
414
398
418
420
412
410
412
926
412
430
420
416
416
418
416
410
412
374
424
424
414
416
1020
412
418
400
414
1126
420
396
426
416
414
416
414
406
466
412
412
418
410
424
408
408
416
414
412
1112
422
398
422
426
418
416
460
494
416
1126
414
418
412
412
412
412
412
416
418
416
412
412
410
412
420
412
416
426
418
414
412
416
416
410
416
416
410
400
412
412
416
414
414
416
416
414
412
398
424
418
414
412
410
418
1370
472
430
412
416
416
414
432
412
414
460
420
410
414
422
412
426
412
416
414
1094
428
414
398
414
414
412
440
414
416
412
418
412
424
412
412
412
414
418
414
414
418
416
430
414
414
422
422
412
424
414
412
412
412
420
412
414
436
418
418
414
408
424
414
410
426
414
416
416
412
434
416
414
412
414
416
410
410
414
634
424
414
412
416
416
422
414
410
420
418
412
414
418
402
412
412
412
402
428
406
412
418
410
460
410
412
418
420
412
926
414
436
428
416
410
410
414
410
414
412
412
414
416
414
416
414
422
416
412
420
420
986
418
412
412
402
420
416
420
978
412
430
414
412
416
418
412
414
416
664
422
414
416
422
410
414
410
420
434
418
412
426
412
400
418
422
418
412
438
424
410
416
410
414
414
412
408
426
420
794
446
414
422
414
418
402
414
402
412
1100
414
408
416
412
412
412
430
428
410
412
416
412
424
400
412
416
414
402
418
412
418
408
422
414
412
414
442
416
414
1164
418
412
412
412
414
412
432
422
410
416
414
398
420
416
418
398
416
414
410
418
414
416
420
398
470
400
412
414
412
410
416
416
414
412
412
416
414
416
416
470
414
410
412
418
420
400
418
398
430
420
414
416
412
412
414
446
416
412
414
412
418
412
432
418
412
412
428
416
414
426
412
412
438
408
420
406
420
424
450
424
8692
418
414
418
412
414
410
414
414
412
432
414
426
414
418
1308
416
414
410
410
426
418
418
426
414
418
418
434
418
432
428
410
426
418
410
402
418
414
412
618
416
432
418
404
428
410
412
424
422
418
416
408
426
432
440
428
414
416
416
432
418
410
430
424
720
414
422
406
432
416
412
412
418
400
766
416
412
428
430
416
416
414
426
414
782
434
420
416
410
400
412
402
412
402
1262
410
412
400
424
514
412
418
410
432
1008
414
412
400
434
1120
796
406
412
414
872
412
414
416
410
1300
430
414
416
402
1140
402
414
412
412
1248
416
422
412
416
412
436
412
418
412
414
416
428
414
398
420
418
418
398
414
1498
416
428
416
400
1354
412
416
436
414
412
430
400
416
422
1248
432
422
404
418
400
412
414
430
406
414
420
418
422
414
420
414
416
416
400
1324
410
430
414
420
428
418
396
410
404
420
422
412
398
430
416
416
416
416
412
416
422
420
414
414
460
430
414
422
398
1284
420
414
400
422
412
414
416
418
404
1008
400
416
400
416
412
416
420
414
422
434
422
412
424
414
426
412
414
412
400
418
414
428
422
412
398
412
428
410
406
438
418
414
432
424
412
414
464
412
398
420
414
430
410
410
416
412
406
414
418
414
402
414
410
408
416
414
416
416
412
416
404
436
414
416
430
418
434
420
420
418
412
416
412
416
418
414
412
414
402
416
412
412
400
418
416
412
414
418
400
416
414
416
422
422
416
416
426
414
402
418
416
416
424
420
416
1368
476
420
418
422
432
420
416
430
414
418
412
412
412
932
430
436
432
412
400
418
414
414
410
422
418
420
412
414
420
420
412
412
400
410
402
416
398
414
402
412
412
414
416
412
400
424
414
414
456
414
410
416
424
460
458
418
400
432
400
416
440
410
412
422
414
420
398
426
416
418
418
434
396
414
414
426
460
418
416
410
418
414
412
412
414
414
416
416
416
414
416
412
416
416
398
414
884
414
412
416
412
418
414
428
432
434
410
418
414
444
464
414
414
416
412
412
412
410
426
412
454
414
410
1028
414
414
398
412
420
502
414
414
418
426
418
422
416
410
414
418
416
422
434
410
416
412
400
428
1192
412
412
412
434
424
412
426
410
432
400
412
410
418
416
412
414
412
456
418
410
424
428
430
400
416
400
416
414
416
412
412
414
416
416
412
418
420
420
412
416
410
420
414
412
416
416
414
414
416
418
412
684
422
406
420
606
420
426
422
406
416
410
434
400
1366
406
416
406
424
412
424
408
422
408
418
418
424
406
416
428
418
402
422
420
420
406
432
404
432
406
418
406
418
404
1114
412
434
424
420
410
418
436
422
410
420
406
422
408
428
408
424
406
424
410
432
456
426
408
420
412
418
408
418
606
438
402
418
404
418
408
424
404
418
692
424
406
422
404
426
410
422
428
418
778
420
402
420
408
420
418
422
406
422
1140
436
412
420
410
424
406
420
410
424
1048
418
404
418
406
422
404
420
404
422
860
420
408
424
424
418
408
418
406
426
1368
416
406
422
406
440
404
422
404
418
1216
418
406
418
404
418
418
418
406
418
1138
422
408
418
402
416
404
418
406
428
410
422
424
418
410
420
430
432
402
420
406
420
416
426
404
422
450
418
410
422
418
422
406
424
426
422
404
436
404
424
406
420
1118
420
418
430
418
420
408
424
418
832
420
424
404
424
424
422
406
420
408
418
518
424
430
932
418
442
404
422
1328
424
412
436
406
432
408
416
410
418
440
420
436
418
408
420
408
420
410
422
404
416
406
418
422
428
420
418
426
432
418
422
404
468
400
498
406
424
402
430
408
420
406
428
410
420
418
418
402
420
640
420
406
418
406
424
408
422
420
422
408
416
408
418
406
418
408
418
466
420
530
426
404
424
404
420
404
422
404
426
1388
486
408
422
472
728
410
426
454
416
406
432
404
420
408
608
408
418
404
418
412
422
408
426
410
1146
412
432
418
436
1282
446
422
420
406
1058
406
420
402
422
438
426
402
418
406
886
404
420
422
420
424
416
410
420
402
684
414
420
418
418
406
420
416
418
428
1066
408
418
404
422
418
426
420
434
416
1074
422
420
412
422
584
420
404
420
408
928
402
422
412
440
406
424
410
424
408
1004
408
418
404
420
416
420
408
418
408
428
410
440
420
418
426
418
410
418
416
444
402
418
408
438
428
422
406
422
420
434
416
430
422
430
1206
420
404
420
408
1220
420
446
420
432
436
416
420
418
404
420
418
438
418
430
418
448
416
450
416
930
420
426
424
432
436
430
420
432
422
1514
414
434
420
446
1312
430
428
420
406
538
406
420
408
442
430
424
408
422
422
418
426
418
404
426
410
424
404
422
406
834
430
420
420
418
404
426
402
424
410
1328
424
420
426
422
404
416
402
418
422
890
408
472
424
420
404
424
404
418
426
416
408
418
434
418
402
420
408
420
428
434
422
424
418
430
422
444
404
420
408
894
402
422
410
432
438
440
410
436
408
1244
422
424
406
418
404
420
402
418
416
418
438
434
416
434
478
418
408
418
412
424
420
420
418
416
402
420
404
418
408
416
428
418
402
418
406
416
406
430
404
1352
408
422
404
422
408
444
408
420
402
514
410
426
416
418
942
440
406
434
408
422
422
478
424
420
408
418
422
424
424
420
428
422
416
420
406
418
410
424
408
442
408
426
402
422
408
432
406
422
404
420
422
426
406
424
404
422
412
420
412
426
432
420
414
426
404
418
420
430
404
1194
406
416
422
430
406
422
408
422
412
442
404
418
404
424
422
438
408
426
406
418
402
420
408
428
402
418
442
424
420
524
422
440
418
438
422
468
422
422
404
444
426
418
408
424
402
426
408
420
406
420
404
422
452
416
408
422
402
430
420
442
430
422
414
418
416
420
424
420
1198
422
408
416
430
424
408
440
404
422
404
420
420
422
404
426
406
418
424
422
504
426
404
418
410
422
402
420
404
420
432
422
410
418
406
420
408
424
418
426
506
418
410
422
422
416
410
424
416
424
566
422
406
424
404
420
406
420
412
418
510
420
408
428
408
422
410
422
420
424
404
420
402
422
402
420
424
430
422
420
402
1044
408
426
406
418
404
424
406
420
486
416
408
424
404
416
424
418
402
422
724
418
404
422
430
418
402
418
412
420
418
434
430
424
428
422
426
1130
406
430
860
426
404
420
406
440
410
424
408
418
940
420
406
416
410
418
424
422
408
440
1006
418
408
424
406
422
408
432
406
440
724
428
404
428
408
422
440
422
420
440
1166
424
432
418
408
420
1018
470
404
420
1110
426
406
428
408
420
404
468
418
436
1182
418
404
420
408
416
408
422
410
422
1010
418
406
420
414
422
404
420
406
424
408
428
410
420
424
418
410
430
404
418
406
420
420
418
404
418
402
420
406
420
1390
426
408
434
410
422
410
442
414
446
1282
416
410
422
408
420
404
424
408
422
420
418
402
418
404
418
402
420
408
420
416
418
412
418
412
422
542
418
418
418
1190
420
408
434
410
418
408
420
408
422
402
424
406
416
404
432
420
420
410
422
402
424
422
434
432
430
434
422
432
438
416
416
418
420
418
422
418
426
404
418
404
422
420
418
408
420
408
440
410
416
416
430
410
442
404
748
408
416
420
418
404
420
404
422
408
428
432
418
416
434
540
446
422
432
430
758
420
432
438
424
416
422
404
418
404
420
404
430
406
418
472
422
420
420
410
588
416
418
408
420
406
418
410
422
414
746
406
422
404
420
430
420
408
420
406
1044
426
418
412
418
818
420
404
420
408
766
408
440
406
422
404
424
402
418
402
850
420
420
420
430
406
420
404
434
414
964
404
422
426
422
404
424
410
420
452
424
408
430
432
434
426
420
410
420
406
1012
408
420
418
418
408
426
448
420
404
1302
404
424
424
432
410
424
408
418
408
422
408
422
428
420
428
424
410
418
410
1394
410
420
422
418
418
982
402
418
404
752
402
418
418
434
934
434
408
420
416
420
416
422
410
418
430
416
406
422
432
436
412
418
424
420
404
424
428
424
402
420
418
420
418
422
414
418
420
424
428
420
410
422
418
420
410
468
410
422
418
428
416
420
402
424
426
470
428
418
406
1286
420
420
430
420
402
422
408
418
404
416
406
424
430
428
406
426
404
424
406
418
402
422
424
426
408
420
538
440
412
418
422
422
410
424
408
422
430
424
430
420
404
426
410
424
402
424
410
418
408
418
402
418
464
438
404
426
406
420
410
420
408
420
408
432
406
418
406
422
408
418
424
422
406
422
408
420
404
430
406
426
408
438
406
422
408
420
406
418
482
418
416
416
404
424
408
420
420
420
458
422
404
418
416
424
412
420
404
446
416
418
410
438
410
420
414
422
410
440
422
442
420
434
418
432
414
438
420
432
464
434
424
434
464
422
420
428
434
438
418
432
434
430
402
418
404
424
428
446
424
432
424
432
418
418
410
432
420
442
408
424
408
422
408
422
406
422
422
422
404
422
408
416
410
424
404
420
430
420
408
418
406
418
404
418
408
420
408
424
410
418
402
420
406
424
420
422
406
422
414
420
408
420
420
420
406
424
406
422
410
422
418
428
416
422
406
420
406
422
408
418
406
426
408
420
404
424
404
422
410
422
428
418
404
434
426
424
406
418
406
420
404
416
404
420
406
420
424
424
408
424
406
422
422
428
404
422
404
430
412
416
406
424
402
422
462
418
450
424
408
434
428
420
422
442
406
416
402
420
424
442
406
424
402
420
402
420
418
422
412
418
402
422
404
418
410
418
404
424
696
424
406
416
424
422
404
420
408
424
626
424
404
428
410
440
406
420
416
420
684
418
400
422
406
424
404
436
406
426
406
418
408
438
406
448
408
428
420
438
982
424
410
426
410
444
408
422
408
424
696
418
420
418
406
438
408
420
430
420
424
420
406
424
474
418
420
422
460
418
556
424
416
422
402
432
406
424
418
418
1014
416
422
426
410
422
428
434
408
424
1018
424
412
424
410
418
436
418
408
426
916
442
404
420
416
426
408
420
408
422
430
420
410
424
404
420
408
418
410
422
992
418
408
416
418
424
404
418
404
426
410
424
404
422
448
418
418
416
408
422
778
420
406
422
422
416
416
442
408
418
1352
422
410
418
418
418
406
418
402
418
1182
418
406
422
418
422
422
420
404
438
408
422
444
422
424
434
420
420
420
424
410
416
404
418
408
428
410
418
402
422
408
420
408
416
408
440
408
430
404
422
408
420
404
426
406
420
408
424
406
422
420
424
414
424
406
424
826
428
406
438
406
424
408
420
428
540
418
418
422
420
406
436
404
420
426
590
406
420
406
420
960
420
406
416
406
424
414
418
404
418
406
424
414
430
416
684
408
428
402
418
406
420
402
420
410
626
406
420
404
432
410
418
404
422
418
426
420
422
404
418
406
420
420
422
408
1008
408
418
402
422
432
434
416
422
450
664
420
424
408
416
406
418
406
424
404
698
404
426
406
422
402
420
408
424
406
626
410
422
406
418
408
418
408
442
416
718
410
416
412
416
404
418
422
418
408
1120
412
420
406
416
402
872
422
420
404
978
402
420
458
418
404
424
424
426
406
1268
406
424
408
430
436
422
406
524
410
424
418
436
420
428
1156
442
408
430
408
1360
406
432
424
418
400
424
408
420
408
1070
402
442
404
422
404
476
402
418
406
420
408
428
402
436
406
420
408
418
408
420
410
420
408
420
1066
420
402
422
406
946
402
428
406
426
410
416
404
440
418
894
416
416
408
436
1200
418
406
420
406
714
422
444
454
432
406
424
406
424
402
656
408
416
402
422
452
418
404
438
440
422
406
418
412
420
1338
418
438
418
424
924
452
446
406
424
402
420
408
434
408
424
408
424
408
418
1148
416
402
420
418
1302
406
420
434
424
408
418
408
416
406
422
418
424
402
444
408
422
406
424
408
1358
406
420
406
428
404
420
406
424
406
420
402
420
410
466
414
416
410
426
418
420
428
420
408
422
410
420
412
422
404
426
402
418
418
422
404
420
404
436
418
426
410
506
410
468
404
420
408
418
404
422
404
416
404
418
420
464
412
418
404
434
404
420
406
422
404
416
426
422
404
420
404
418
408
416
420
424
402
430
422
416
408
418
402
420
406
420
404
432
404
420
410
420
410
422
414
420
406
416
408
416
406
422
404
416
422
418
404
420
400
426
402
418
402
422
410
418
402
416
454
420
422
434
416
422
406
418
406
416
432
614
420
428
404
416
410
418
402
424
420
1276
408
434
420
418
404
424
406
422
406
416
402
424
406
420
428
416
408
418
402
424
404
422
416
464
420
416
478
424
416
426
408
420
410
486
404
418
406
418
406
420
406
422
404
426
418
422
422
416
412
424
402
418
402
420
406
420
408
420
426
420
408
422
408
420
408
420
416
446
408
424
422
432
402
418
404
422
416
420
424
418
402
420
422
422
420
420
406
420
420
418
406
418
404
418
408
424
422
416
406
420
426
422
412
428
414
434
422
432
406
418
404
436
412
432
408
418
410
438
422
444
420
424
440
434
408
430
408
420
710
434
402
416
402
438
422
416
408
442
632
420
408
424
406
416
420
416
418
418
694
422
424
422
422
446
414
416
404
424
410
432
406
424
406
418
410
418
402
424
616
426
416
424
406
418
408
438
406
422
1310
422
420
416
406
418
404
418
408
426
896
422
408
426
410
416
418
420
414
420
988
424
426
438
414
418
406
418
410
438
954
420
414
420
404
442
426
422
420
422
1228
420
408
426
406
420
412
418
410
424
876
422
404
416
402
432
420
420
402
420
994
416
406
416
408
420
420
420
404
420
1332
416
404
422
402
426
406
422
406
432
902
422
404
420
404
426
406
418
406
418
418
420
408
418
424
442
406
424
404
422
680
430
404
424
406
466
410
432
408
420
402
420
406
426
402
418
402
418
410
416
402
422
402
424
410
424
406
422
420
424
1104
434
404
416
406
420
406
418
408
416
406
426
408
416
418
430
408
422
428
482
434
424
410
420
414
654
404
420
406
418
1030
418
410
418
406
424
404
424
420
460
420
426
420
420
406
424
408
438
408
418
408
416
402
424
404
608
410
420
408
418
404
422
408
418
412
416
456
418
406
416
418
422
402
420
402
936
408
474
404
420
408
420
414
416
408
442
420
442
404
420
1214
418
404
424
404
430
408
422
406
422
604
418
404
424
406
476
408
422
410
422
404
418
418
418
432
418
408
422
408
422
430
420
450
418
410
436
404
418
402
420
406
424
410
420
402
462
420
424
418
436
402
422
408
420
404
1206
404
422
406
420
408
418
418
420
422
426
404
418
410
416
410
436
412
422
408
742
402
436
406
422
404
422
402
420
422
438
402
420
436
430
412
420
422
418
404
420
414
422
406
446
1002
424
410
416
404
1260
408
420
402
422
406
444
404
420
402
424
406
416
424
424
404
422
402
418
404
1272
414
418
440
418
698
418
420
420
408
1236
404
418
404
422
1262
420
404
418
412
1220
404
416
424
420
410
420
406
426
404
786
402
420
408
430
410
426
408
440
402
420
406
428
408
416
424
422
406
420
412
434
422
440
420
438
420
432
418
454
434
418
408
422
404
426
406
424
418
420
406
422
412
416
408
420
408
418
404
424
416
418
408
420
408
442
404
440
432
420
406
416
414
438
416
434
406
420
404
422
408
448
408
416
402
418
404
422
410
432
410
418
410
422
402
424
404
442
408
422
408
422
440
424
424
416
446
424
418
418
422
430
402
418
404
416
404
430
402
420
402
420
402
416
418
436
430
422
416
418
406
424
404
422
408
438
410
422
404
422
406
422
438
424
400
428
410
418
408
418
420
420
416
438
416
422
406
442
408
416
408
422
402
424
402
432
420
418
408
416
412
420
404
438
402
418
406
456
412
436
408
416
406
418
410
422
420
418
416
420
410
416
408
