140
202
196
188
238
223
179
208
183
190
190
199
187
178
180
197
244
178
187
205
208
197
247
202
191
199
190
190
214
202
199
199
208
196
196
190
208
202
253
199
199
196
188
235
193
191
232
188
182
196
191
184
180
199
199
196
166
208
188
187
193
179
174
184
191
188
199
193
199
199
196
199
199
177
191
188
177
192
208
202
199
188
193
196
193
188
191
193
199
184
180
208
182
190
237
190
180
184
241
189
180
182
187
182
191
229
190
172
190
199
200
187
196
196
208
202
254
208
214
199
196
196
185
208
244
199
240
208
191
184
235
193
232
196
187
188
244
173
252
196
208
191
214
196
190
199
208
176
199
196
193
193
194
208
188
255
211
188
189
184
199
199
199
188
191
244
181
244
211
190
196
244
238
190
184
241
181
187
199
176
185
187
187
196
196
193
194
202
199
184
199
240
241
202
199
205
244
208
199
190
229
188
179
184
208
190
176
188
255
190
199
181
199
176
178
184
241
208
200
208
235
196
189
205
199
196
191
208
208
197
196
208
202
202
238
202
199
188
179
208
211
208
187
193
241
208
178
178
227
199
199
196
200
199
241
181
222
208
199
205
255
188
229
208
188
196
190
184
180
223
187
177
199
190
181
181
191
191
221
196
199
188
199
179
232
199
237
193
184
184
199
196
252
191
199
351
199
199
196
187
199
196
208
208
211
214
194
196
191
199
208
211
191
185
185
196
199
202
191
191
188
196
199
199
187
202
180
177
199
196
211
208
188
255
199
196
199
193
300
190
243
235
242
185
193
196
187
196
199
196
196
199
229
188
191
199
202
208
205
208
184
196
199
199
199
190
199
180
194
178
199
184
191
199
193
182
187
214
205
196
205
194
208
196
208
205
208
208
199
199
196
187
217
188
199
208
193
181
202
202
191
191
205
231
196
202
211
205
208
185
202
184
184
208
199
187
191
196
199
196
199
40599
211
200
202
208
199
188
235
200
211
208
208
196
202
190
182
199
187
199
244
208
202
185
180
179
205
202
199
196
255
196
199
240
193
234
232
188
199
199
227
208
193
188
205
199
187
184
188
190
182
179
187
191
176
196
178
202
187
181
202
196
191
196
199
196
182
199
187
184
191
191
199
199
184
199
199
191
179
184
199
196
191
196
196
180
230
202
187
190
193
180
177
199
187
188
180
190
202
196
191
191
188
177
190
202
229
189
199
190
191
190
199
202
205
187
199
196
187
196
205
194
202
193
205
183
187
187
196
190
194
193
187
196
202
205
182
202
217
184
208
193
199
194
205
199
199
196
193
202
245
208
199
177
193
196
186
193
199
196
202
194
187
199
199
190
199
188
205
190
175
199
184
196
180
177
188
175
190
187
182
196
199
183
193
190
193
194
183
178
202
190
202
205
205
202
232
208
214
202
208
214
199
187
205
199
208
208
199
182
244
214
191
196
199
183
196
208
199
202
196
188
187
202
191
211
199
196
199
205
184
188
187
199
202
196
193
190
181
191
188
196
202
194
249
196
183
202
191
185
196
188
199
188
193
187
191
193
178
199
199
199
208
191
211
196
202
196
196
196
196
188
199
191
208
208
205
202
211
199
205
199
241
202
191
188
199
199
182
184
202
199
190
188
187
177
244
202
237
189
191
191
199
208
182
178
190
199
211
188
190
196
202
208
199
187
191
190
267
208
199
179
190
193
211
199
188
194
193
196
202
194
199
199
270
188
199
205
196
188
202
202
187
202
199
196
188
181
237
187
208
190
241
208
230
208
180
180
188
191
199
202
199
202
205
202
242
199
192
191
232
194
241
196
240
196
196
199
255
199
199
188
199
255
199
208
252
196
191
193
191
188
199
208
202
190
196
196
199
187
269
196
249
208
184
211
178
189
199
199
211
177
196
208
205
196
208
208
208
190
196
205
203
184
192
190
191
241
199
196
199
190
191
190
188
196
199
191
196
211
208
187
199
205
199
185
199
196
205
188
185
182
187
199
243
196
202
205
191
179
199
199
211
208
199
202
208
199
191
199
199
205
202
199
211
196
199
202
208
188
259
220
256
196
199
240
191
244
199
247
196
184
191
196
188
184
205
190
199
252
199
184
211
188
205
196
180
202
193
208
196
208
211
190
182
191
244
208
259
291
264
180
205
208
187
196
220
202
255
208
196
196
244
202
205
205
188
241
199
185
199
196
244
187
199
196
199
242
199
199
199
199
244
196
196
213
235
208
202
202
199
184
234
185
244
208
193
196
191
188
199
187
205
199
193
184
199
202
187
188
241
199
193
217
202
184
187
177
172
196
180
179
187
187
199
190
166
177
208
199
191
199
199
199
182
196
180
179
196
199
199
184
199
188
199
184
199
193
191
199
199
196
199
178
191
180
193
187
193
199
205
182
187
193
193
199
181
191
196
205
193
181
190
182
181
191
226
187
193
190
199
191
185
202
211
196
193
187
188
199
187
193
240
199
199
191
199
193
191
187
180
182
181
192
192
190
168
186
172
184
193
187
202
187
181
184
190
177
226
179
240
205
208
196
199
188
208
196
199
196
190
199
187
184
187
199
185
199
199
187
211
208
211
208
193
187
211
191
191
180
237
181
188
181
216
208
211
199
202
191
181
196
180
193
179
191
199
181
188
188
202
202
199
190
199
199
190
199
199
188
187
191
191
193
187
179
181
188
180
196
240
202
200
190
196
196
199
196
199
187
188
199
187
190
199
214
199
191
199
196
258
237
180
208
199
199
243
199
254
190
244
191
208
183
185
177
196
188
187
187
188
188
211
193
202
191
185
199
196
187
187
211
255
208
241
181
208
220
199
199
199
185
191
205
199
245
199
191
199
199
255
176
199
199
202
196
191
199
199
199
199
199
187
199
185
199
199
187
190
185
208
199
214
247
246
208
185
229
240
190
252
208
199
199
244
208
199
208
232
196
244
217
196
211
256
208
196
338
312
234
205
214
211
211
264
196
199
187
174
245
253
196
182
187
208
196
187
190
191
211
187
187
196
208
181
177
184
178
191
196
208
199
199
211
220
199
208
208
208
205
208
208
202
208
229
200
187
196
199
188
199
196
193
177
245
208
208
202
241
188
234
199
258
196
211
205
202
211
205
196
202
197
202
197
214
200
199
226
208
216
208
208
211
220
196
208
208
208
208
208
196
199
241
223
257
217
196
200
202
208
199
188
199
190
199
187
184
199
199
240
297
184
252
208
199
199
179
196
191
199
208
190
191
188
244
208
187
185
199
208
208
199
193
190
176
190
199
199
208
196
199
188
187
188
240
187
199
199
208
199
190
199
199
190
208
194
191
191
190
196
199
199
45115
185
244
208
199
196
193
184
199
188
193
188
199
238
252
208
240
188
205
193
199
288
199
187
229
196
196
184
191
184
217
202
244
202
193
188
187
196
211
199
190
175
199
196
191
182
226
185
187
184
187
184
199
196
190
196
185
225
223
191
199
237
188
196
255
188
199
199
191
191
241
199
237
190
181
177
191
188
188
190
208
200
193
183
200
202
205
208
208
184
191
208
202
202
188
240
179
196
187
180
193
193
191
180
191
200
187
199
199
191
199
196
191
235
187
191
193
199
191
184
196
188
187
184
202
184
191
181
178
184
190
177
199
187
187
184
167
187
182
189
193
178
187
167
187
182
193
237
187
199
184
182
173
193
205
177
188
199
193
240
240
196
202
193
191
208
249
193
187
199
242
208
190
196
171
190
188
251
240
208
241
202
255
196
196
188
188
199
193
179
254
196
199
196
196
188
190
196
199
199
199
205
200
185
180
199
191
188
196
208
208
200
179
194
187
199
187
196
199
185
199
188
188
196
199
196
199
199
240
202
188
188
199
202
199
199
190
199
252
196
191
199
211
199
199
199
194
177
193
188
164
188
184
182
191
199
199
291
196
184
193
241
182
184
180
199
205
188
193
191
222
193
187
188
188
188
199
188
199
174
170
256
196
199
196
196
189
188
199
191
211
208
188
178
199
196
199
199
208
202
199
199
199
187
185
199
199
188
196
179
199
185
187
199
199
187
199
188
188
196
211
182
199
208
252
199
193
252
199
187
181
184
196
184
255
208
205
196
220
208
211
199
205
199
208
199
199
196
193
193
199
185
211
188
199
235
199
184
247
208
211
199
232
182
190
180
208
202
202
196
199
199
196
196
223
199
200
196
191
196
185
199
188
184
181
193
182
196
199
199
243
208
211
199
252
202
199
196
187
196
232
208
211
208
196
208
208
177
181
180
199
188
193
237
199
214
223
211
205
199
199
196
208
196
199
199
188
176
199
188
199
196
196
199
208
196
179
196
193
188
199
185
199
199
205
187
199
193
199
184
205
188
199
187
252
208
196
199
199
193
208
196
205
196
172
243
193
190
208
208
199
208
180
187
196
179
188
199
187
235
191
220
205
164
202
202
208
202
199
176
202
208
179
196
190
196
191
196
199
199
205
184
199
199
188
184
199
179
199
184
199
193
199
199
230
208
184
187
199
184
191
241
199
199
199
220
202
190
191
191
187
199
205
196
190
182
196
191
199
190
243
191
196
180
168
191
193
183
191
188
187
190
208
202
196
190
208
196
202
196
193
184
199
199
240
196
240
205
199
190
191
199
205
194
187
196
187
188
211
190
199
184
232
193
187
196
199
241
190
179
187
199
190
205
199
208
191
199
187
199
191
191
187
188
205
183
180
196
199
202
199
177
179
208
196
190
211
208
205
208
191
208
211
202
211
208
187
208
196
208
181
178
189
190
179
190
196
189
199
208
190
196
181
191
190
196
186
184
187
189
190
199
199
202
199
191
182
193
188
185
190
187
199
187
244
208
199
199
255
208
199
208
211
190
197
196
180
184
180
193
199
187
199
199
199
188
199
185
191
181
180
188
196
199
187
196
188
185
205
199
211
208
208
208
211
208
187
196
196
184
202
196
199
191
187
187
208
208
208
196
199
196
199
187
188
188
191
191
196
208
199
188
199
196
188
196
199
191
199
208
199
199
199
196
199
196
199
184
193
188
199
202
196
193
214
202
196
179
199
191
191
196
199
182
185
199
196
179
180
208
191
211
181
191
202
193
199
196
188
202
191
196
199
187
187
190
180
208
193
199
199
193
252
199
191
199
199
196
199
193
277
208
184
185
188
171
181
177
187
184
175
187
199
177
197
181
196
196
238
185
208
196
196
184
193
199
166
177
211
191
179
179
190
199
188
199
208
208
211
199
199
199
208
194
208
208
187
188
199
196
191
208
196
185
211
202
187
185
244
185
199
187
191
184
193
178
190
208
199
199
199
196
190
188
199
187
191
240
199
185
199
196
199
199
182
196
199
185
187
199
199
182
188
199
193
176
199
208
232
199
199
194
199
196
205
187
199
184
191
187
187
199
176
187
191
225
232
187
205
214
196
199
205
188
202
208
188
199
199
191
220
208
234
208
187
193
199
188
184
208
202
193
199
196
208
208
211
208
193
182
190
189
211
199
178
202
187
199
255
208
193
244
199
188
255
196
202
191
196
196
251
208
196
196
211
208
205
191
208
202
176
208
185
211
208
208
190
282
188
199
196
252
199
187
199
188
152
196
208
208
185
187
234
191
193
177
196
303
223
177
175
229
205
196
187
187
179
170
211
180
196
196
208
191
240
184
232
184
179
193
185
208
199
199
252
196
193
199
193
196
199
188
188
187
187
229
187
181
199
184
181
211
199
190
196
190
199
199
193
191
229
208
258
205
202
208
205
196
191
188
199
208
199
202
199
191
196
190
199
199
193
196
187
178
181
196
187
208
185
193
191
191
191
196
191
194
208
241
220
200
190
202
199
205
170
205
202
202
202
202
205
194
179
188
187
199
202
199
196
237
182
205
199
199
188
196
191
199
187
199
187
180
181
226
177
181
189
196
196
180
184
177
187
182
187
184
191
178
191
180
44669
199
196
199
208
196
202
208
193
194
199
193
174
196
199
187
191
196
208
205
185
199
208
194
202
202
199
193
199
185
199
196
196
211
202
202
208
199
196
196
199
196
211
185
205
196
205
202
205
235
202
191
208
202
199
188
199
199
196
196
199
199
205
199
211
196
241
199
208
208
184
193
199
202
199
196
185
190
185
208
185
191
196
196
199
199
182
196
202
196
180
199
211
187
188
185
199
191
205
202
199
193
202
202
199
199
199
199
199
181
202
205
199
190
188
188
193
190
181
191
193
199
226
190
199
199
187
199
188
181
182
196
191
205
188
188
211
196
199
193
205
202
205
190
205
202
199
199
199
199
186
205
202
197
205
184
191
193
193
184
202
183
176
184
194
185
187
197
191
191
199
190
199
199
199
179
193
175
193
187
187
185
196
188
205
196
187
196
199
193
244
199
194
202
199
202
188
196
229
173
179
199
199
202
199
191
220
188
191
199
188
199
196
188
191
188
211
202
199
199
190
199
196
208
205
190
205
190
208
208
193
185
196
199
199
196
211
196
199
208
199
196
191
208
196
199
187
196
199
187
235
202
196
199
182
187
173
196
199
188
309
199
208
208
211
217
208
184
199
185
196
196
255
208
196
196
187
196
199
199
199
199
205
205
199
196
185
208
208
196
188
196
199
196
199
199
199
196
199
199
241
208
188
190
199
199
199
199
199
193
191
199
202
202
199
196
187
202
208
208
202
196
199
196
238
196
208
176
627
188
176
240
181
196
196
196
208
211
208
211
202
199
199
196
196
199
179
188
193
196
187
202
199
199
184
191
252
176
199
188
187
187
199
196
199
193
193
184
199
177
199
199
199
199
191
193
257
188
187
165
202
247
199
208
196
196
187
188
196
199
196
258
196
187
187
191
181
187
223
191
193
188
205
199
199
173
205
312
241
196
199
199
199
196
199
199
191
208
202
199
208
202
205
202
199
196
196
185
205
208
208
190
211
202
187
190
190
208
223
196
189
199
227
199
229
191
237
188
188
188
196
193
225
188
191
193
196
196
199
191
199
178
191
184
202
217
208
208
196
188
185
193
190
188
229
188
199
179
232
199
232
187
181
187
264
177
178
187
212
232
235
188
236
187
174
187
252
177
300
168
237
199
199
196
241
190
199
211
199
203
196
181
244
193
252
196
292
193
211
208
191
188
229
188
191
188
180
200
190
193
187
188
187
208
199
241
208
205
180
180
181
202
187
188
208
196
235
208
187
199
232
199
251
205
187
208
196
202
208
189
196
196
196
190
191
211
244
194
202
202
185
190
193
191
191
190
234
184
188
196
211
208
232
208
226
196
256
197
199
196
187
173
208
258
193
199
196
196
199
270
190
185
199
184
240
205
199
196
182
196
187
202
242
185
196
208
250
208
178
208
199
208
202
208
196
208
208
208
208
202
196
211
199
214
187
185
191
196
188
199
199
196
199
187
184
193
253
208
199
185
187
196
199
255
255
166
184
187
191
187
191
187
187
180
202
181
177
187
202
205
187
188
255
208
191
188
182
191
184
181
187
183
196
199
188
196
199
199
193
196
258
199
193
196
188
199
194
202
196
191
208
199
205
191
205
190
188
199
199
196
211
205
205
202
190
183
199
199
202
194
196
188
208
208
199
196
205
184
193
211
188
191
199
196
172
190
196
208
199
199
188
199
244
202
199
199
199
199
211
199
199
208
199
190
234
208
255
187
196
187
179
199
191
191
187
240
211
208
208
211
211
202
188
199
199
194
199
199
199
208
211
205
185
244
205
190
199
185
255
196
205
196
205
199
205
202
199
205
203
188
197
184
199
187
193
188
208
196
199
184
187
196
179
226
199
194
241
199
199
200
211
208
191
196
193
199
244
208
187
214
193
199
199
187
188
199
199
199
199
188
179
252
199
196
191
176
193
202
199
185
205
188
199
193
232
186
180
188
190
211
184
179
187
196
187
196
185
184
177
184
199
190
182
196
190
229
180
196
191
196
191
333
255
193
199
196
199
241
208
196
199
199
199
184
191
184
187
187
196
193
205
187
202
220
205
202
187
196
185
199
241
196
254
199
191
187
208
231
208
199
208
232
188
176
172
184
176
232
199
199
199
196
187
178
199
191
199
199
181
187
193
196
182
199
179
190
191
178
193
208
188
177
191
187
190
184
187
185
196
187
179
254
187
184
205
205
241
211
199
202
188
255
244
241
225
187
188
196
199
199
190
191
199
241
199
199
274
202
180
187
181
193
237
187
180
180
191
181
187
191
194
200
244
205
185
187
199
184
208
202
180
190
197
194
199
188
208
202
243
202
196
199
187
182
179
199
181
177
237
184
166
178
190
191
199
199
199
244
211
184
187
208
193
179
240
178
199
196
211
208
196
196
226
196
202
196
199
199
199
312
199
196
241
211
190
196
242
208
208
208
196
259
252
416
318
369
199
252
291
214
199
188
199
199
193
193
199
196
199
199
205
193
202
188
193
228
318
278
202
196
255
196
202
208
208
235
277
315
205
188
199
232
241
196
244
196
196
188
191
196
190
205
199
184
255
196
193
208
184
200
187
184
205
199
232
199
205
188
199
199
211
202
199
188
199
196
199
226
185
179
187
199
202
208
242
208
193
199
199
191
188
187
205
176
187
196
187
199
205
199
193
196
191
179
199
208
187
191
202
187
182
188
185
190
196
196
241
208
199
196
199
196
241
196
199
208
202
199
199
188
244
193
202
208
213
220
229
196
199
202
244
199
179
239
214
179
241
196
241
241
199
188
188
196
187
196
191
191
199
196
179
196
205
190
193
199
202
190
196
199
199
199
199
196
199
199
196
247
205
199
244
191
199
199
208
199
208
196
237
196
199
196
199
191
196
225
205
208
238
202
211
208
211
196
199
196
199
185
188
199
240
205
188
199
220
196
199
190
199
188
199
196
188
191
208
208
188
173
181
182
187
188
199
184
217
199
193
191
188
188
187
190
191
178
244
223
184
196
199
205
199
211
187
191
196
196
196
184
196
211
178
211
181
199
196
199
199
193
199
196
184
182
190
196
187
199
187
182
199
205
187
191
196
202
179
190
181
199
187
205
179
199
175
196
188
211
199
211
199
200
185
203
188
546
208
196
190
196
193
199
211
199
223
191
196
205
199
211
188
226
199
191
354
178
179
190
182
184
185
185
191
191
202
190
187
184
187
168
181
182
214
202
202
185
182
191
187
232
199
190
202
193
202
190
190
202
193
196
202
196
184
194
193
190
202
190
190
190
214
168
190
182
190
202
196
199
214
199
181
173
173
184
184
165
172
166
187
182
196
181
217
193
196
194
193
178
187
223
176
190
190
182
185
185
199
194
214
181
190
199
184
175
214
181
