244
326
316
326
446
792
380
464
372
472
376
368
370
442
472
450
372
342
380
562
462
372
454
460
456
466
456
380
448
396
456
452
394
458
456
448
386
376
386
372
386
454
444
380
462
456
486
472
462
372
476
374
376
376
462
568
454
460
374
450
370
460
382
376
478
460
378
394
456
462
486
900
458
370
376
378
368
448
486
376
372
434
376
450
450
376
468
378
458
372
372
460
452
448
440
372
374
474
386
460
376
372
454
442
390
380
458
374
474
374
372
392
372
458
744
440
436
374
450
446
370
448
378
450
384
384
448
1044
376
390
1198
376
376
1004
448
458
436
450
442
440
434
440
434
464
374
384
462
374
434
374
376
440
378
450
456
452
384
458
384
376
372
468
444
378
382
386
458
464
668
464
372
456
380
388
450
462
450
468
450
446
454
442
372
372
448
376
464
370
450
432
372
376
450
454
384
450
372
454
392
370
462
372
376
466
450
464
374
372
472
622
460
448
446
372
372
460
452
456
936
440
440
436
372
372
450
458
442
452
438
372
372
376
372
368
382
370
374
400
372
374
424
420
368
372
372
368
370
380
376
384
372
372
422
380
378
370
376
388
374
372
372
370
372
372
390
372
900
1274
372
376
372
372
376
372
388
376
418
376
372
372
380
372
380
376
388
374
368
1126
372
388
376
372
384
392
384
376
390
380
376
372
376
392
370
424
440
372
372
380
372
1214
372
372
596
392
396
380
390
374
372
386
396
372
372
372
380
390
380
370
372
372
380
372
376
382
376
370
374
372
886
384
376
376
388
380
376
374
394
978
420
376
376
386
372
384
380
376
832
378
380
376
376
372
368
372
376
382
372
396
380
370
372
376
368
388
392
372
380
370
372
376
378
388
690
386
378
388
372
372
372
376
380
372
376
376
372
374
372
372
1190
380
370
370
376
382
372
380
388
372
384
396
436
382
370
370
370
378
374
374
372
372
372
376
734
374
376
1150
372
378
374
1250
380
372
372
388
372
376
1190
1262
386
368
372
388
374
376
378
378
372
386
372
372
1134
380
394
376
376
374
374
374
372
396
372
374
378
1166
372
372
372
380
380
376
376
376
372
388
374
376
378
374
370
380
382
380
374
372
368
372
372
376
372
374
382
372
370
388
372
534
372
376
374
376
376
376
376
376
380
388
392
400
394
380
386
380
402
376
376
380
380
388
1290
388
378
372
376
400
376
380
376
382
388
376
384
376
396
378
376
376
380
392
378
396
384
376
428
384
960
396
380
382
388
384
380
380
380
378
378
380
378
376
384
382
376
380
380
382
384
380
380
380
376
382
390
378
380
386
384
384
388
374
378
376
1072
384
378
376
376
376
374
376
376
378
374
376
376
374
386
472
376
372
400
378
388
374
376
424
376
376
376
380
372
376
376
376
378
378
424
376
372
376
380
374
376
384
378
400
388
376
400
380
380
378
384
380
382
382
388
386
378
376
380
400
376
384
380
382
382
380
1278
378
392
380
386
382
380
380
384
382
380
380
380
380
386
384
384
380
1184
376
380
382
376
372
370
716
400
376
380
392
996
376
376
376
380
378
382
380
376
532
384
380
392
366
380
382
376
374
374
376
376
372
376
378
382
388
378
380
380
382
380
392
376
380
380
376
374
382
372
376
380
384
488
380
384
402
372
1262
392
376
380
388
374
378
386
380
384
370
376
398
372
376
376
376
398
380
382
380
380
382
382
1040
382
388
392
386
390
372
382
376
376
376
372
376
376
380
378
380
376
376
376
376
376
380
376
378
378
376
380
380
386
376
372
386
380
376
372
780
386
392
378
376
392
376
376
376
920
380
376
372
392
400
378
370
392
376
392
376
376
392
376
388
928
384
380
370
374
372
372
380
774
376
374
380
370
374
396
390
374
376
392
374
380
380
376
376
380
384
376
398
368
396
372
376
392
382
382
368
370
376
384
370
370
388
392
378
374
374
390
8564
380
380
372
490
384
374
378
384
378
376
380
378
372
400
376
376
372
372
376
374
380
388
372
380
376
376
376
392
378
394
384
382
376
376
378
372
382
372
376
376
372
376
374
374
376
372
372
372
392
372
374
384
386
380
378
372
372
382
8214
372
368
372
376
372
392
392
382
372
396
378
378
376
378
1338
376
9394
390
400
380
372
376
386
376
376
372
376
388
372
392
376
376
382
392
378
382
380
392
376
378
372
376
1342
378
376
386
388
372
380
382
398
374
374
372
376
376
376
382
376
376
380
376
374
378
372
376
376
384
418
378
390
380
378
384
376
384
380
376
370
384
388
614
376
396
380
372
380
370
384
378
372
368
394
400
382
388
370
376
398
380
374
376
382
376
380
390
376
372
382
400
382
378
392
384
382
380
448
380
384
572
376
374
376
376
386
376
376
384
396
380
382
384
378
376
378
388
376
378
382
380
380
372
1068
380
382
382
388
374
376
372
376
376
374
378
378
382
384
376
382
376
376
376
374
378
384
376
378
376
378
376
380
380
376
376
392
394
396
376
376
394
380
400
392
380
384
376
578
402
380
374
376
374
392
372
372
372
372
380
860
374
372
368
376
376
376
380
388
372
376
370
394
372
374
370
376
372
372
374
372
380
396
396
384
380
374
392
368
376
376
372
370
382
384
372
370
372
388
372
380
376
376
948
372
370
368
374
952
382
376
374
374
370
370
372
372
370
368
372
1028
376
376
388
372
374
374
368
376
392
434
370
372
372
376
376
372
1302
370
376
372
372
370
372
372
384
370
372
372
376
372
380
372
384
372
372
372
396
382
372
404
380
372
380
372
372
376
384
378
372
372
370
374
372
380
372
372
398
372
372
376
368
372
372
372
384
372
372
372
372
386
378
376
312
372
380
372
370
392
384
374
376
372
372
374
376
396
1034
372
380
372
392
372
378
380
376
380
372
458
372
384
376
372
372
376
374
392
372
384
390
372
378
388
372
422
374
372
374
418
372
798
388
374
370
384
392
372
386
372
374
392
372
372
384
372
378
378
372
372
376
368
376
378
1170
398
390
1230
374
370
372
388
376
376
372
372
376
372
370
376
388
376
370
376
370
424
372
372
372
382
384
374
380
394
374
372
372
376
756
376
380
376
376
388
372
384
372
372
372
376
372
376
384
1190
378
376
394
372
372
390
374
392
372
372
368
380
372
422
372
372
378
372
376
476
370
382
378
380
380
368
372
372
372
376
378
372
378
374
388
380
376
378
372
372
400
392
1090
384
372
372
370
372
392
372
380
370
372
384
370
368
380
368
380
372
384
376
410
372
372
374
372
388
1264
372
374
388
386
372
372
372
384
390
372
372
372
374
390
376
372
376
392
388
372
368
368
372
372
388
380
392
372
384
376
372
396
1230
378
390
380
376
376
378
368
372
818
372
376
376
386
372
372
376
372
390
380
396
380
372
380
372
382
380
376
380
388
376
380
372
368
372
372
372
376
378
376
388
376
370
372
378
376
390
372
376
456
390
376
380
380
378
372
392
388
372
370
372
374
376
388
376
374
376
378
388
374
376
372
380
308
384
396
384
376
372
372
372
372
376
380
378
372
376
372
384
372
372
398
376
372
380
376
376
380
372
372
372
372
374
372
388
372
370
376
386
372
376
370
374
376
372
380
376
370
372
372
386
372
374
378
372
372
380
372
374
368
376
372
444
372
372
380
372
372
378
372
848
388
372
372
388
372
380
376
376
372
372
392
378
384
372
374
372
372
372
376
386
392
376
372
376
374
384
372
372
368
384
374
384
372
396
372
376
372
372
368
372
390
376
372
384
372
372
384
394
380
376
372
374
380
368
374
372
380
372
372
372
368
372
372
370
372
376
380
382
372
374
372
370
384
476
376
378
372
370
388
376
372
380
380
372
388
372
372
382
372
376
388
372
382
374
390
372
374
382
372
378
374
380
380
382
390
380
374
378
376
376
376
374
374
380
372
376
374
372
376
368
394
1098
398
374
372
370
374
372
370
372
380
384
380
372
376
372
374
376
390
372
388
380
372
388
384
374
372
390
372
392
376
376
376
396
372
374
376
392
380
392
1130
388
372
434
372
420
378
388
376
380
388
372
372
390
376
384
396
384
372
372
384
372
374
374
434
372
382
378
376
384
372
384
372
376
930
1118
380
370
370
376
372
384
370
384
372
372
606
372
378
376
372
372
376
372
372
368
374
372
370
374
384
386
380
376
380
372
390
374
376
376
378
980
372
862
386
372
376
372
384
394
370
374
1100
372
378
376
372
388
370
372
372
376
372
374
372
378
372
656
372
380
388
372
372
370
392
372
388
378
376
388
372
372
372
372
380
374
372
372
372
372
374
384
376
374
1262
378
374
376
388
372
384
384
380
376
376
384
380
372
376
370
380
380
396
380
374
376
372
372
376
372
382
916
380
376
372
376
372
370
376
372
388
376
380
384
380
372
386
378
376
374
376
388
372
396
378
376
380
372
382
374
372
376
372
372
370
372
372
388
322
380
380
372
396
386
378
380
1118
374
374
388
372
376
372
396
372
376
380
388
372
374
380
372
384
376
374
372
374
374
372
400
386
370
370
388
416
392
372
380
372
372
1322
376
372
372
390
372
372
372
398
386
378
372
380
380
374
374
376
388
384
378
376
376
384
398
374
376
396
382
380
380
380
374
374
380
430
396
388
376
376
380
392
376
372
380
380
380
376
376
376
380
912
392
372
374
374
384
376
390
380
374
952
376
376
372
372
372
370
372
374
372
372
380
380
372
384
372
392
378
372
388
376
378
392
372
384
372
372
396
392
400
392
566
376
372
392
374
368
372
392
388
396
368
372
674
376
376
380
384
1340
396
376
376
370
1190
388
372
386
372
372
396
372
592
372
372
376
374
376
396
376
376
380
380
376
380
376
382
372
376
390
380
376
872
380
376
372
404
372
396
376
380
372
392
372
388
372
372
376
594
372
386
370
376
372
380
376
380
372
376
386
368
372
372
372
374
384
394
374
372
372
372
374
382
372
378
372
744
372
372
376
380
376
372
374
380
372
860
376
376
374
376
376
372
372
376
374
384
372
1224
380
376
372
374
380
376
376
376
368
378
374
380
374
372
376
376
372
370
392
376
376
380
376
388
390
374
372
374
378
656
376
398
370
388
378
374
372
532
1282
370
372
374
380
376
372
388
376
380
376
374
376
376
372
376
376
384
372
376
378
372
392
392
388
372
396
372
372
388
674
388
380
378
376
376
372
372
376
380
374
384
372
372
378
384
380
376
378
602
376
386
372
386
388
372
554
380
372
376
380
374
376
376
376
372
370
372
380
380
374
376
384
378
372
382
376
724
1074
392
376
384
380
376
380
394
380
374
374
396
376
384
378
388
380
380
378
390
376
376
376
372
380
378
388
386
376
370
388
372
370
374
932
376
374
380
376
376
380
392
380
374
374
372
1162
380
376
388
376
392
380
376
532
368
386
372
376
376
396
386
372
372
376
376
380
382
652
374
372
372
372
370
372
372
376
378
380
374
380
374
380
374
376
380
380
374
376
374
376
376
392
368
610
396
372
372
376
392
396
386
388
376
372
370
384
388
372
372
372
374
380
370
372
390
372
420
374
372
368
372
370
390
376
1068
372
422
372
380
370
372
372
374
370
372
380
682
372
388
372
392
376
372
374
388
376
386
384
380
392
380
380
386
378
374
382
376
376
376
392
372
384
394
416
370
372
374
374
374
608
372
380
376
372
376
374
376
374
370
372
376
548
378
374
374
384
380
372
376
384
396
400
370
380
372
370
376
470
380
378
378
378
374
372
378
374
374
374
374
372
390
368
374
372
376
390
372
372
376
374
376
372
376
372
372
372
376
376
376
372
386
376
376
372
372
380
376
370
374
374
380
372
378
372
376
378
376
376
376
380
372
372
392
372
380
396
388
380
380
372
372
376
376
376
388
374
400
376
380
388
376
372
1150
398
376
370
372
376
382
952
392
376
388
384
392
344
380
554
372
374
380
384
376
372
370
372
372
372
376
376
372
388
380
376
384
372
778
384
368
380
372
388
376
384
368
372
372
370
376
380
372
372
372
386
372
370
372
392
372
372
368
372
372
1146
372
372
378
380
376
368
378
372
386
468
376
378
376
376
374
396
396
370
372
378
378
396
376
372
374
376
368
432
376
1322
372
380
388
376
372
372
372
380
378
370
370
372
372
372
372
378
388
380
372
376
370
1312
376
378
380
390
380
374
372
392
370
372
378
372
376
1064
370
1158
844
392
392
378
392
376
380
372
378
384
392
380
374
374
398
376
390
372
372
376
372
376
372
376
384
380
378
388
378
376
378
368
380
372
378
376
376
376
376
376
380
1296
388
1288
384
392
376
372
378
380
370
376
376
376
376
372
886
374
388
380
380
376
376
376
376
376
372
382
848
382
376
372
376
872
376
376
370
376
374
388
384
388
388
374
374
370
370
372
376
372
374
396
370
376
376
428
392
376
380
388
380
374
392
376
376
370
376
376
370
380
376
374
388
374
374
380
372
662
372
372
382
372
372
370
388
372
402
374
368
372
382
372
374
388
374
380
388
370
380
370
380
390
372
388
368
380
1062
376
376
396
376
372
376
376
382
376
386
376
376
380
368
396
380
392
370
372
376
376
376
376
374
392
374
374
376
376
378
370
368
374
396
372
370
388
372
374
372
376
372
380
374
380
564
376
382
380
394
374
376
380
376
378
374
390
374
368
370
380
372
380
374
380
376
378
372
370
380
376
384
374
376
372
380
396
392
372
370
380
936
372
386
376
376
376
376
376
368
380
380
376
380
388
380
372
384
372
374
374
384
376
372
380
372
384
372
374
386
380
376
376
376
372
378
372
380
376
372
374
388
638
368
388
372
388
1216
372
372
382
372
392
376
372
418
372
728
374
372
372
370
388
370
380
372
392
396
380
374
372
390
372
370
370
372
384
382
384
378
376
378
372
370
380
372
384
372
372
374
424
372
400
378
384
372
372
386
372
450
372
372
374
372
372
396
372
380
380
372
372
370
384
374
376
374
372
384
376
380
388
372
376
422
372
372
370
380
370
372
372
388
378
384
368
390
378
392
372
372
376
370
376
378
376
380
384
376
388
376
380
388
380
374
380
384
370
372
370
372
372
974
378
372
372
392
372
372
376
374
370
456
382
418
376
380
376
396
380
372
388
380
380
374
710
376
380
376
376
372
372
378
376
374
400
374
1062
376
370
380
376
376
376
380
370
388
382
388
372
378
376
376
368
394
374
380
372
382
392
376
446
376
372
372
372
372
382
396
378
386
378
578
380
380
376
380
374
380
368
368
372
392
384
376
370
376
374
380
376
372
378
384
372
372
380
382
372
378
372
1010
380
376
374
384
376
1174
374
372
372
368
392
376
378
1000
386
378
382
372
1332
374
374
374
372
376
374
376
372
374
376
372
378
372
372
376
392
376
396
372
378
372
376
380
372
374
388
380
388
386
372
374
388
372
380
388
374
374
376
376
374
376
394
376
376
376
378
368
380
376
376
380
726
376
376
374
378
376
392
372
372
976
376
378
396
376
372
374
380
370
372
376
372
372
378
372
374
394
370
372
380
372
376
372
372
372
374
396
392
390
374
380
374
372
372
376
388
376
376
428
368
370
388
380
374
368
380
372
394
378
390
372
372
376
376
372
372
376
376
376
372
372
386
380
378
370
372
376
372
376
376
370
372
388
386
384
380
374
368
380
382
370
376
372
880
372
372
374
374
380
372
376
380
376
374
384
598
380
376
394
372
372
374
380
376
376
376
396
372
376
376
376
376
372
376
11974
376
380
384
376
392
384
376
370
1128
376
368
380
378
396
376
370
382
386
372
388
374
376
376
370
376
372
370
388
400
748
376
376
372
390
372
372
352
396
370
392
370
380
372
372
392
396
372
372
380
370
376
384
388
376
372
376
380
376
374
380
384
376
394
380
374
378
376
390
380
386
380
376
372
376
376
368
378
372
380
396
392
376
380
376
386
384
372
396
380
376
370
372
372
376
378
370
382
372
376
372
372
380
370
818
378
396
372
382
376
368
376
374
398
376
374
376
396
8502
380
376
374
376
372
374
370
372
370
376
372
380
394
388
380
376
380
372
378
382
376
378
376
384
374
376
376
388
450
372
374
372
372
368
374
370
378
622
394
380
374
386
376
370
394
374
372
372
372
372
376
380
372
372
372
372
374
372
386
382
380
376
376
374
380
388
372
372
562
368
372
384
368
1238
372
676
370
372
368
376
854
390
372
372
372
380
376
374
376
372
376
368
376
376
372
376
376
372
376
376
374
376
380
372
376
376
374
372
382
372
372
388
382
374
670
372
376
376
392
378
372
392
386
372
372
376
388
374
370
378
384
372
372
376
390
982
392
376
662
388
390
522
370
388
436
382
376
380
376
376
396
372
382
378
380
376
378
508
386
376
376
376
372
376
378
376
684
384
372
372
392
380
376
986
384
380
376
372
392
392
378
374
380
370
374
380
380
376
380
370
372
374
380
1270
396
1258
376
386
372
376
386
380
374
378
376
388
380
376
372
372
376
372
372
372
372
376
376
1246
378
392
384
626
380
374
372
372
376
376
372
380
378
376
376
388
376
374
378
378
818
372
384
374
376
384
372
372
372
374
370
374
372
372
372
372
372
374
372
372
372
8128
372
372
386
386
376
8126
376
376
370
380
372
376
372
380
370
372
942
396
372
372
372
396
392
372
376
372
372
374
368
382
378
374
378
376
666
8478
382
380
380
378
372
372
372
392
374
374
372
374
374
376
376
384
396
372
370
378
372
372
378
376
378
376
376
372
388
372
372
372
1064
1142
374
388
396
376
372
370
392
376
376
376
388
376
380
376
372
372
850
372
372
394
372
380
386
384
392
374
374
8366
370
374
386
386
390
396
388
376
374
390
380
374
370
378
372
372
372
378
380
374
374
384
372
372
378
380
8296
586
376
384
372
374
380
378
372
372
372
372
372
380
378
372
380
374
388
376
378
376
368
372
372
384
380
372
372
372
380
372
380
372
372
372
372
370
372
376
388
372
394
372
376
372
400
388
896
374
380
376
376
372
374
376
388
884
376
388
376
384
378
396
376
380
378
404
384
372
376
378
376
388
374
378
388
370
372
384
370
374
368
372
376
380
420
372
832
372
378
370
372
388
372
374
376
376
376
388
372
380
376
378
372
374
376
380
376
372
372
372
750
386
374
390
374
376
376
380
394
372
392
376
372
372
380
372
372
376
372
372
380
370
380
394
376
376
1116
378
388
372
372
376
392
380
392
388
376
372
372
392
376
384
372
372
372
380
378
380
374
376
390
376
378
380
376
394
606
376
386
374
378
400
376
382
376
816
376
392
380
372
384
392
376
380
376
380
376
374
386
368
372
376
376
372
372
372
372
372
380
374
374
378
372
392
376
370
372
374
376
372
370
384
382
372
372
372
372
420
370
372
372
486
372
1292
370
392
370
380
372
390
376
370
1156
376
396
374
390
372
372
388
376
396
372
380
382
376
384
372
376
376
390
376
376
376
380
374
392
372
376
378
384
374
376
960
388
372
376
376
372
374
370
374
376
718
376
388
374
372
376
378
370
388
392
376
382
376
396
380
376
374
376
392
372
378
396
376
376
378
376
370
382
390
376
374
372
376
378
380
388
378
380
380
388
376
380
374
374
380
374
390
396
380
372
770
374
380
374
372
382
392
390
376
372
380
376
374
488
376
370
374
372
1016
370
376
368
370
1216
372
380
370
374
374
372
376
392
372
372
370
368
372
376
372
388
370
372
370
378
374
370
380
372
372
372
378
378
372
388
376
374
376
372
768
372
388
374
396
948
376
374
392
378
396
422
376
372
420
370
374
378
372
372
370
372
372
392
388
370
376
378
372
372
388
432
370
370
376
376
384
370
674
376
372
394
376
374
376
380
380
376
380
372
378
380
376
394
378
758
378
1222
392
372
380
378
376
372
384
370
556
372
370
372
1062
372
372
372
388
370
368
392
372
374
370
370
380
388
368
376
390
376
380
382
372
388
370
1164
370
1210
378
828
380
376
372
376
376
380
372
380
370
372
374
376
370
380
372
370
396
370
372
370
372
374
372
374
392
370
374
372
372
370
376
370
380
372
394
372
948
372
380
388
368
372
388
372
596
386
384
374
380
376
372
392
396
848
390
386
372
390
372
372
376
376
374
386
1460
376
378
378
386
376
372
396
372
376
370
376
374
392
372
378
372
394
434
384
392
598
380
376
386
374
396
372
372
382
384
380
444
378
378
372
386
382
1020
390
380
372
372
1256
372
388
386
376
382
376
372
386
372
370
386
782
386
376
374
376
370
372
372
392
396
376
376
786
376
378
384
390
380
380
372
376
372
374
374
374
388
372
370
368
394
392
376
396
370
376
380
374
864
376
384
380
376
374
382
378
376
370
370
374
776
378
374
374
380
372
394
374
372
370
380
376
372
396
824
376
1226
376
372
372
372
380
370
820
376
388
370
372
370
296
370
378
372
382
376
376
386
370
372
372
380
482
388
412
374
372
372
368
1046
372
372
396
378
410
380
754
382
376
372
370
372
378
374
374
372
372
372
378
392
370
380
376
1462
390
378
376
392
382
378
372
840
382
394
392
394
376
374
388
376
376
384
384
388
380
376
372
386
390
400
372
394
874
404
372
380
372
374
372
388
376
372
372
378
372
374
370
382
394
376
370
374
370
374
378
374
372
370
376
392
372
370
372
370
388
378
374
376
374
390
394
376
392
388
368
370
378
374
370
390
376
388
372
378
372
390
390
376
376
394
376
392
370
382
394
372
392
390
372
390
372
376
376
372
370
376
882
370
374
378
376
406
390
384
374
376
16886
386
376
372
372
372
376
390
372
378
372
372
630
372
398
390
384
390
382
372
372
374
376
372
376
372
378
374
372
396
372
374
372
450
374
386
376
380
842
370
372
372
380
376
388
372
398
376
374
382
1164
388
386
378
372
388
376
390
386
384
372
372
380
376
376
382
380
382
372
368
386
370
376
376
1080
378
370
382
372
378
378
392
376
376
390
380
376
390
374
478
376
382
390
400
1088
382
1064
376
378
374
376
374
372
374
386
386
376
388
376
382
376
376
370
374
372
372
372
372
374
374
372
378
376
372
390
380
380
390
376
380
374
372
378
374
376
376
392
382
370
832
390
372
388
388
390
372
372
384
390
374
372
374
380
408
388
372
374
376
372
376
372
372
386
388
388
380
372
372
372
372
400
372
372
370
372
376
372
376
372
370
390
372
832
374
374
392
1282
384
380
372
374
374
376
374
374
384
384
370
384
368
380
394
372
370
386
370
388
382
392
372
380
372
392
370
394
374
376
372
372
380
370
376
372
372
372
374
374
372
370
380
372
1042
400
372
392
372
1116
370
376
374
392
376
372
376
372
842
374
376
380
392
376
380
396
374
372
384
370
388
