382
464
376
462
464
460
378
462
662
456
384
456
468
448
376
460
454
374
376
384
476
464
376
374
380
440
462
444
460
444
384
456
440
392
372
470
388
704
376
374
480
376
456
440
376
456
456
372
462
454
376
458
448
326
462
448
372
466
452
372
388
456
464
462
400
468
376
458
376
374
380
370
480
476
454
458
378
372
380
456
434
450
446
370
448
462
392
386
448
450
450
396
550
438
450
452
460
376
372
474
454
450
372
464
390
454
376
380
446
450
450
444
372
452
376
446
452
450
374
448
442
378
380
448
372
454
1226
452
452
454
370
464
442
376
444
1024
434
438
454
440
454
436
454
440
450
446
388
448
450
442
458
454
460
376
446
388
378
456
458
466
452
376
450
930
376
454
372
374
450
380
394
452
624
452
376
390
380
440
376
372
438
450
468
454
376
372
450
448
372
450
372
458
374
466
436
372
654
450
436
376
454
446
440
388
372
372
456
634
374
460
454
380
1162
454
376
388
434
376
434
454
438
656
450
442
376
372
384
440
452
458
322
378
392
372
376
376
374
730
370
388
370
440
372
394
392
372
376
376
372
376
374
378
372
380
376
392
374
380
384
376
378
560
376
374
372
376
386
380
372
384
398
372
372
386
370
376
372
388
376
372
376
386
374
384
372
372
380
380
380
384
370
376
402
382
370
376
374
388
386
1202
376
372
390
376
372
372
372
372
376
376
392
372
384
440
368
406
884
386
374
380
378
372
418
372
396
380
1030
388
386
382
370
376
374
1248
420
374
376
372
374
372
378
374
848
376
378
376
372
382
372
376
372
726
388
376
372
376
376
376
372
374
746
372
372
376
372
380
372
370
386
394
372
376
392
370
380
372
388
1208
372
370
378
376
376
382
372
374
520
372
372
668
372
388
372
376
372
380
380
376
376
372
396
370
380
372
382
372
372
370
670
388
372
372
372
432
372
372
376
1134
370
428
372
374
376
368
392
370
372
372
388
372
392
12054
374
374
376
372
392
374
372
1202
372
344
392
568
1238
1308
376
850
372
396
372
374
372
370
368
1156
372
376
372
388
372
416
370
372
376
1332
372
376
384
380
370
386
378
376
380
376
384
384
380
374
372
376
376
372
392
376
372
376
372
376
514
376
384
368
372
376
396
378
384
372
372
370
372
382
886
384
392
388
382
1174
384
382
380
396
382
386
376
378
382
384
376
376
378
376
376
382
376
380
1020
380
376
374
388
380
380
382
380
376
380
382
376
396
400
380
396
378
380
380
402
382
382
378
376
376
400
384
378
384
394
382
384
380
390
382
380
376
400
396
1080
380
380
406
384
382
372
376
398
384
376
378
386
392
376
376
384
380
376
380
376
388
378
376
384
380
432
380
380
388
378
380
376
656
426
374
388
372
388
376
384
384
890
378
376
394
376
1094
388
392
376
386
392
384
380
380
378
384
382
382
394
392
380
384
384
380
384
404
376
376
382
382
400
376
400
376
380
392
380
380
386
378
396
402
382
396
386
384
376
382
380
380
380
390
382
380
382
378
376
380
368
370
376
392
370
372
374
372
374
398
372
378
370
374
372
388
384
396
376
388
386
386
376
376
376
378
380
380
390
382
384
382
1080
376
400
380
372
1328
392
388
396
376
610
384
392
380
386
376
390
380
376
374
378
380
384
376
376
378
372
380
380
376
376
380
380
400
380
388
378
380
376
376
378
392
374
392
382
374
380
380
400
384
380
380
378
382
370
378
376
386
376
390
388
378
376
376
392
378
372
376
376
392
384
380
378
384
380
376
376
384
394
376
380
380
372
396
378
398
380
396
386
472
386
374
380
382
388
532
376
378
380
380
380
376
390
396
378
376
370
384
378
392
382
396
380
380
376
372
376
376
378
394
380
394
380
374
380
370
376
394
378
378
376
378
398
374
376
392
376
394
388
376
392
384
384
372
380
372
384
378
390
378
392
380
380
374
376
928
864
388
392
392
374
376
396
382
376
376
372
382
376
384
376
376
378
374
372
384
384
376
376
392
374
372
376
380
376
386
372
376
382
378
374
376
388
374
396
368
392
392
380
374
602
376
372
372
372
372
374
394
376
384
372
376
376
380
374
372
396
372
370
372
374
370
632
380
376
380
376
372
374
380
378
384
378
374
306
376
372
390
386
376
382
394
388
380
378
386
392
376
392
370
390
380
370
388
376
380
392
372
392
380
376
390
378
378
376
372
376
376
384
384
376
400
1240
386
376
376
392
382
376
384
392
378
376
376
392
396
392
376
376
380
376
374
378
376
380
382
380
376
376
386
404
376
376
380
378
396
372
368
382
386
388
392
712
376
374
378
392
386
630
390
376
392
374
378
398
388
630
398
380
390
378
380
380
388
380
380
380
372
386
392
376
378
376
1194
380
380
376
376
384
386
388
376
370
392
388
400
386
380
380
374
374
376
382
376
376
376
376
400
372
372
380
378
382
388
378
376
376
376
380
374
376
560
392
388
390
376
380
374
376
372
384
374
376
890
400
376
380
378
390
376
378
376
374
382
376
384
374
376
380
384
372
376
372
372
374
374
388
380
376
380
372
376
374
372
384
376
372
376
380
374
372
738
376
376
370
374
382
376
380
388
372
376
370
372
388
382
374
372
372
376
372
374
374
384
382
380
372
384
376
388
376
374
400
394
372
372
374
378
376
388
368
372
372
372
372
376
374
384
388
370
372
372
476
388
374
370
378
390
372
380
392
372
372
372
374
398
372
392
372
1174
372
380
372
376
380
384
374
380
374
374
372
376
374
388
368
378
372
372
384
376
392
412
378
376
1318
380
386
380
372
372
380
368
372
372
376
376
624
372
578
372
374
372
380
384
372
886
372
1288
370
372
376
382
372
380
372
374
372
372
392
372
380
376
376
380
374
388
376
378
372
376
372
374
372
372
378
372
424
376
370
376
370
384
370
372
388
372
376
372
374
388
372
376
388
388
386
370
376
372
370
376
376
374
466
372
386
372
382
372
376
372
644
372
388
372
372
386
368
378
370
440
370
1322
372
384
376
388
372
380
378
376
372
384
372
372
372
372
380
374
372
374
380
378
372
380
384
380
372
372
372
374
376
372
370
376
374
452
400
376
368
376
376
372
376
372
372
374
374
378
380
398
388
372
388
384
372
372
374
376
392
376
1080
372
368
368
396
372
374
372
374
376
376
372
394
1178
372
712
372
1072
388
376
374
376
384
380
376
376
372
374
372
420
382
394
376
372
388
376
390
374
376
378
1318
370
372
376
386
372
376
502
372
384
372
372
372
380
392
372
372
372
370
378
1388
372
380
372
372
376
376
690
372
376
370
372
372
378
398
372
376
376
372
372
386
372
390
380
372
376
372
372
372
370
376
376
372
376
376
372
376
376
372
378
758
372
376
380
380
380
394
376
1302
372
372
384
380
376
372
1262
368
1206
376
378
376
368
372
392
376
372
392
376
384
392
388
1082
372
372
372
378
372
374
376
372
374
374
372
420
392
372
370
372
372
372
376
376
376
380
396
380
380
376
378
380
382
372
372
372
376
384
372
372
376
372
380
372
372
370
392
376
374
376
372
376
372
380
372
376
372
378
376
372
368
390
372
376
372
374
376
376
372
372
374
384
372
372
372
382
374
370
372
372
376
380
372
372
370
386
388
388
378
372
372
372
376
430
1154
372
370
372
372
372
380
384
376
370
376
370
368
376
372
372
372
372
372
392
384
372
370
374
380
372
380
372
372
372
392
372
372
390
378
388
372
372
382
368
372
392
940
370
746
374
378
380
376
372
378
372
374
384
372
376
380
384
370
376
372
374
372
960
372
388
372
384
372
372
376
1358
382
384
396
388
376
388
376
374
378
368
372
372
374
372
372
372
372
380
404
390
388
376
372
372
386
372
372
386
382
642
372
380
396
372
1286
372
372
376
388
378
376
380
388
372
378
606
380
388
376
372
374
372
372
376
376
384
376
370
374
678
374
372
382
392
372
372
372
388
376
398
372
376
380
374
376
386
372
378
380
376
372
384
388
994
396
394
376
384
372
372
372
380
372
374
388
376
388
392
370
374
372
374
370
392
376
410
380
372
370
380
374
376
388
376
376
420
372
394
372
384
372
392
396
380
372
376
378
372
372
382
380
372
372
372
372
372
372
388
388
378
376
374
372
376
372
382
374
370
376
380
372
372
372
920
372
372
372
374
378
394
376
384
380
346
372
376
376
388
380
370
384
372
380
396
378
388
376
372
376
370
376
374
372
372
374
378
1090
370
372
372
378
388
388
372
372
388
374
372
440
372
368
370
380
378
372
376
380
376
374
372
372
374
384
392
400
376
376
376
394
380
390
378
380
372
376
380
384
376
388
372
388
1278
376
380
376
380
376
384
376
376
372
372
396
374
372
376
368
376
380
372
392
372
376
372
372
372
372
372
742
372
374
370
386
374
390
370
372
376
388
372
374
376
372
374
370
376
372
376
376
372
372
372
376
374
380
368
374
376
386
380
374
376
376
380
378
384
386
376
380
376
382
388
370
384
386
380
388
376
372
378
372
376
384
376
372
374
376
380
372
376
374
378
372
388
382
372
372
372
376
376
372
376
374
386
396
396
376
376
394
382
396
380
386
376
372
374
376
392
376
376
1224
380
386
372
390
374
380
384
376
376
376
374
376
376
388
374
372
860
380
380
388
382
394
376
376
392
376
372
372
378
380
374
374
378
372
376
376
390
370
372
372
388
372
372
376
372
384
396
766
392
374
380
372
372
372
370
394
380
372
372
376
376
374
378
380
374
376
396
372
372
376
372
376
372
370
374
378
368
378
376
372
372
378
392
368
372
392
376
372
380
396
376
382
380
372
376
372
370
378
384
376
392
374
374
376
390
378
796
372
394
500
374
376
382
374
376
384
380
372
370
376
372
376
396
388
372
382
374
372
372
374
382
384
380
372
372
370
388
370
374
388
372
374
388
798
372
380
374
386
388
376
392
376
376
372
376
372
394
378
378
370
370
372
368
594
370
368
372
378
376
372
380
380
380
380
372
372
370
374
376
370
388
380
376
372
374
372
378
376
386
378
376
376
376
376
376
380
372
378
392
372
372
382
376
992
372
376
372
380
374
380
388
374
380
392
382
380
380
376
376
372
376
386
388
374
376
372
610
376
376
372
370
380
372
372
380
376
372
392
370
388
376
378
372
372
1230
390
374
372
376
374
376
372
396
380
1188
370
374
380
376
380
396
372
372
406
370
392
372
390
376
380
376
456
380
384
372
372
372
372
376
372
384
380
436
376
380
372
386
372
380
394
376
384
380
376
384
376
370
372
372
374
376
380
380
376
376
382
386
374
374
928
380
376
376
376
384
392
390
380
396
380
376
374
376
372
374
372
376
376
372
386
376
376
380
376
374
376
386
376
376
376
388
374
380
374
376
380
380
396
374
388
372
376
376
372
374
380
1166
372
374
456
376
376
372
372
374
394
374
396
372
372
380
374
374
376
380
370
392
372
376
388
380
396
372
380
396
388
376
372
376
372
372
392
378
388
370
376
390
374
380
380
372
372
392
374
372
372
384
392
372
376
378
376
1010
392
372
478
372
372
372
372
438
372
368
376
370
376
388
372
376
372
370
376
372
386
372
368
372
388
370
372
372
376
372
378
380
372
380
374
376
372
376
390
384
378
378
374
384
374
380
390
372
388
678
368
374
368
372
372
380
370
380
378
384
374
378
374
374
376
372
392
370
380
378
384
380
374
380
384
376
376
378
372
372
376
372
370
376
392
374
380
368
370
372
372
372
376
372
376
372
376
376
376
372
380
380
388
396
372
376
392
376
388
376
382
376
372
396
372
372
376
372
372
374
372
376
372
370
376
372
376
394
376
396
1238
394
386
372
372
372
372
372
374
748
372
376
374
388
374
376
372
374
376
384
380
378
380
380
388
372
376
374
372
1304
376
376
382
396
376
376
380
374
394
376
368
376
372
376
376
378
374
372
20014
372
372
374
372
372
370
372
376
928
384
372
372
372
372
374
372
376
374
386
372
390
372
372
390
388
374
370
372
370
372
396
378
376
388
368
370
378
382
374
396
382
372
382
504
392
372
372
346
380
376
380
372
374
392
374
372
372
388
508
378
372
372
380
904
370
370
390
376
392
372
378
394
372
372
372
396
376
372
370
386
370
944
372
384
384
372
378
384
370
376
374
396
380
396
420
618
374
372
380
380
374
372
376
382
380
372
376
376
374
384
380
376
374
374
394
398
380
1000
380
374
380
380
796
372
376
376
384
372
370
396
740
380
1226
372
374
376
376
376
368
372
380
376
372
368
376
376
376
376
372
370
372
372
396
372
372
372
374
384
380
378
380
376
392
380
374
380
396
380
376
376
372
376
376
372
372
384
372
380
374
376
378
380
380
374
376
908
388
370
374
376
376
392
372
372
372
384
372
378
388
372
370
372
390
376
376
372
392
380
392
378
376
376
380
370
392
388
388
376
378
390
384
398
374
370
378
372
382
372
372
388
386
368
380
384
374
372
376
380
372
368
376
372
372
386
374
374
374
382
374
370
372
374
380
380
384
376
378
378
376
376
372
380
378
386
370
372
390
928
392
376
380
376
384
384
376
376
376
1134
374
1058
374
376
376
380
384
372
386
374
380
374
378
378
384
378
380
372
370
392
376
380
376
392
380
374
376
396
376
380
390
376
376
380
372
380
372
372
372
378
372
382
372
376
376
392
376
372
376
376
380
372
376
372
376
368
376
370
376
372
380
380
416
368
384
372
376
586
376
376
372
380
372
376
374
374
374
376
376
376
376
378
392
372
378
368
372
376
388
376
374
372
376
372
706
404
378
372
388
376
372
372
376
380
376
372
376
372
500
392
372
370
388
372
372
370
372
368
376
404
368
392
372
376
370
374
372
372
384
378
372
372
368
1274
374
376
390
376
376
372
372
372
368
374
370
392
384
376
372
376
380
656
380
372
380
372
390
380
372
372
372
374
384
376
368
374
372
372
376
380
376
372
378
570
372
388
382
370
372
384
372
382
368
376
372
372
370
384
368
376
372
294
370
372
376
372
388
376
428
376
376
380
378
376
392
388
374
376
372
376
384
378
378
374
376
388
392
376
396
392
380
376
372
372
374
374
8274
374
372
372
372
370
504
372
394
372
374
376
388
400
374
388
378
388
376
388
378
382
376
392
372
372
374
376
370
380
376
722
372
384
394
380
380
376
380
396
372
378
376
380
374
380
372
372
376
372
378
378
374
372
372
394
372
756
374
374
378
380
376
380
372
384
380
374
376
372
388
372
402
396
372
378
376
376
388
376
376
376
396
380
380
372
374
376
376
378
374
372
388
368
372
384
376
372
390
380
372
372
372
372
370
396
374
370
380
372
376
372
392
372
372
374
372
372
372
370
388
378
372
388
386
372
372
372
374
372
388
372
382
372
392
372
372
372
372
372
378
376
376
380
376
372
388
396
376
376
376
376
388
1238
376
378
384
376
376
380
376
370
394
376
376
372
392
382
376
390
386
378
380
380
374
396
372
374
382
376
374
376
380
708
372
374
420
380
372
380
374
390
732
372
376
388
370
376
376
370
370
372
372
374
388
378
372
378
392
372
372
386
1258
372
374
384
372
826
378
372
376
384
376
388
380
374
392
376
372
368
388
374
372
372
372
376
476
376
368
388
388
372
380
378
372
376
376
376
372
376
380
380
378
372
384
376
372
390
372
386
374
376
376
376
376
374
374
374
374
372
376
376
376
510
376
376
380
376
376
376
374
1284
384
384
372
376
370
372
384
372
376
372
386
380
420
380
384
372
1016
380
384
376
378
370
380
376
372
372
394
392
374
376
380
388
390
372
384
380
380
372
396
372
374
378
392
372
370
382
376
516
368
372
372
376
1204
372
372
376
370
392
372
618
378
376
376
378
372
376
372
376
380
376
396
384
388
374
372
380
390
374
372
374
374
384
374
380
378
372
384
376
378
370
382
376
370
372
374
392
372
376
384
378
380
372
376
372
372
372
380
376
376
372
388
376
376
372
378
514
376
376
376
372
394
378
388
380
372
762
372
368
372
384
384
376
372
380
380
376
376
388
380
388
372
392
380
398
378
376
374
374
374
388
390
372
372
372
372
372
376
372
372
372
376
390
372
380
370
370
370
372
376
382
372
390
372
372
390
382
368
370
386
390
380
372
372
376
378
380
376
372
380
390
370
394
388
380
374
372
372
372
370
380
372
384
380
374
374
380
380
1212
370
372
372
376
372
376
382
376
372
376
384
374
372
368
380
370
372
380
376
378
374
412
376
368
378
392
374
376
374
388
372
372
372
372
376
380
376
376
370
372
374
376
378
374
376
372
392
376
372
376
378
372
370
374
384
386
374
384
372
370
374
374
388
374
374
376
994
384
374
378
378
376
388
734
370
374
374
384
376
376
372
404
396
384
372
376
386
392
376
374
610
374
376
386
394
380
384
374
374
374
376
378
376
370
380
376
368
376
376
380
376
380
378
376
376
372
376
378
374
378
370
396
772
388
372
380
392
380
372
372
382
372
372
378
376
376
372
378
388
380
388
380
388
380
374
376
378
386
1086
376
380
374
388
374
372
372
370
372
372
376
384
368
396
372
376
1306
380
460
396
372
372
372
378
790
344
376
376
378
382
380
376
372
374
380
372
376
374
384
380
374
372
376
370
372
372
376
380
372
368
372
378
384
372
370
380
372
372
382
376
372
396
382
1046
372
368
372
914
484
372
382
386
388
380
392
372
372
376
394
380
374
372
376
380
378
376
376
380
388
380
372
376
368
376
374
380
380
920
380
376
376
384
380
376
388
970
396
374
388
374
376
376
374
372
368
380
368
376
380
374
376
372
372
376
370
622
1262
372
370
376
774
376
372
372
372
392
372
374
374
384
378
378
372
376
376
378
388
380
372
372
372
374
376
368
370
380
354
374
372
372
374
1068
384
392
392
372
376
376
376
380
396
394
372
388
376
372
374
384
372
390
388
376
370
388
376
372
384
376
376
368
372
374
376
384
372
370
388
372
390
372
752
372
372
390
372
384
372
368
376
374
376
376
374
500
376
388
376
372
376
396
372
396
374
388
372
394
376
372
386
550
372
370
376
384
372
392
376
372
372
374
372
382
396
384
376
380
380
378
388
780
372
374
378
386
380
376
372
370
372
376
380
380
374
376
376
396
378
376
372
376
372
372
376
372
386
374
372
384
384
392
372
374
382
376
376
376
372
380
376
344
390
390
372
388
372
372
372
372
624
392
386
372
374
380
376
376
372
388
372
372
374
850
372
372
376
396
396
390
374
376
520
374
376
376
380
396
380
372
372
526
376
372
376
374
378
376
376
380
372
386
388
372
378
388
372
372
372
376
374
372
380
376
370
372
372
370
376
372
376
372
380
390
372
372
370
380
372
372
392
372
378
376
372
388
372
372
372
372
374
372
420
376
372
376
376
372
374
324
382
376
390
376
692
372
376
394
388
918
372
376
374
372
378
372
396
374
400
376
372
376
388
376
374
370
378
370
378
372
606
372
372
378
370
384
372
376
376
372
376
374
372
372
368
376
382
376
378
388
374
376
376
930
372
376
384
380
378
376
376
380
376
376
390
380
368
378
370
380
388
376
1312
370
376
392
388
970
370
374
380
378
370
370
378
366
380
376
372
388
376
374
392
378
372
370
392
374
380
376
370
388
392
376
392
374
376
372
376
372
372
418
378
368
376
390
380
376
392
368
370
374
374
372
376
378
372
374
372
370
370
386
386
372
376
874
394
372
934
390
390
380
370
376
372
378
370
370
384
388
372
388
700
388
372
370
372
372
370
372
396
376
376
372
380
378
682
370
372
372
374
372
372
382
372
734
372
376
372
394
384
374
372
384
376
380
372
374
380
374
376
372
378
388
376
376
374
388
376
370
378
374
384
376
840
388
370
428
372
378
380
372
372
372
380
372
370
372
372
386
380
440
374
394
370
386
372
380
372
372
370
384
376
370
376
372
392
388
368
380
374
390
372
372
374
372
376
380
748
390
372
376
372
372
374
372
394
372
384
382
372
372
372
374
378
994
384
390
372
372
388
372
382
390
372
370
390
374
374
372
388
370
376
396
380
372
372
370
392
376
374
372
370
374
376
390
372
376
396
384
372
376
374
378
380
380
384
376
390
372
372
378
376
370
372
370
372
372
392
370
376
378
386
372
372
374
374
374
378
376
388
396
388
596
374
378
388
374
372
372
386
376
390
372
380
374
372
370
376
372
372
384
372
392
376
372
372
372
376
370
376
372
372
376
432
374
380
378
368
378
372
372
376
392
376
374
378
376
372
384
372
376
372
518
378
372
372
386
372
388
376
372
376
380
376
376
392
386
388
390
386
388
382
374
374
376
372
374
376
374
378
376
376
568
384
374
380
374
388
370
380
372
374
376
374
372
376
372
394
376
374
382
390
374
372
374
376
372
372
392
374
376
376
372
370
372
376
374
376
372
376
372
370
392
380
384
376
372
388
390
386
382
376
372
374
372
388
372
376
372
374
374
374
372
374
372
370
372
380
374
372
376
374
392
376
376
374
380
388
380
376
386
372
376
376
378
374
372
376
378
376
384
376
372
394
396
788
376
378
378
384
374
374
370
386
374
1172
376
380
376
386
374
372
374
372
372
372
370
376
372
390
372
368
372
396
372
382
372
378
370
368
384
370
376
376
376
372
376
372
396
370
376
368
372
374
376
378
1250
374
374
372
372
374
372
378
386
376
396
394
380
384
372
376
372
886
396
398
382
374
1250
376
384
372
390
386
382
382
372
376
380
376
372
374
376
370
372
376
374
372
372
372
374
384
374
376
370
378
374
372
372
384
402
390
374
408
374
376
380
394
372
376
372
378
372
376
372
398
378
372
396
386
376
372
380
374
370
372
390
378
380
380
382
382
394
376
392
376
370
380
392
384
382
376
372
374
370
440
382
380
378
390
372
372
390
376
380
386
372
374
374
380
378
396
378
378
382
370
384
396
382
388
374
380
380
376
376
370
376
376
392
380
386
372
378
372
376
372
392
378
378
376
376
380
380
374
380
372
384
378
388
388
376
378
394
378
376
380
374
370
380
372
372
378
374
376
374
394
394
374
370
372
398
370
394
386
368
392
894
374
1010
392
386
392
372
374
386
372
376
518
372
372
374
372
376
386
376
376
372
382
392
372
378
392
368
380
374
376
376
382
372
372
374
372
372
378
370
404
372
374
386
368
376
368
372
372
374
374
372
388
370
372
368
390
372
378
372
374
374
392
372
376
384
374
368
372
390
378
380
380
376
372
370
376
394
372
384
372
368
370
388
390
386
372
370
394
372
374
374
368
370
368
384
388
372
378
390
372
372
372
374
386
392
376
376
376
376
374
370
372
376
374
384
