268
272
270
264
244
264
262
264
268
266
262
266
1418
246
242
266
250
266
246
270
270
266
268
270
266
266
270
42
266
270
266
266
266
266
242
244
268
268
264
264
266
268
270
268
904
268
268
266
246
240
268
1288
252
238
266
278
270
302
242
264
268
252
1154
264
244
240
270
266
268
990
270
266
270
264
264
270
266
44
266
268
266
266
266
266
270
272
268
266
266
302
264
264
282
268
296
266
268
270
264
264
270
268
266
246
266
264
268
268
268
268
270
268
268
280
270
250
268
246
238
760
264
266
268
266
268
264
262
42
266
262
268
262
270
270
266
266
266
266
266
266
246
266
272
246
820
238
268
288
266
268
264
268
266
268
264
262
1154
242
270
276
304
344
266
248
280
240
244
244
554
276
278
284
244
268
350
268
1544
42
242
246
288
266
258
318
266
268
350
240
258
266
310
244
256
264
508
338
270
268
244
414
250
334
296
310
242
306
302
454
624
244
296
1042
244
240
286
294
314
286
484
338
278
260
448
290
348
508
736
42
268
446
246
280
244
410
242
372
322
304
302
300
1208
242
270
376
1382
266
264
264
264
268
264
268
264
280
270
270
244
270
266
286
332
268
240
246
242
262
302
268
294
1190
240
242
250
268
430
252
260
44
270
266
266
288
264
268
268
240
264
266
268
266
270
268
268
268
268
268
270
248
264
268
266
884
268
268
264
310
264
268
264
384
266
270
268
252
268
262
264
238
268
266
266
264
266
264
266
266
590
42
270
266
266
270
266
266
268
264
266
266
266
266
264
268
266
264
266
264
268
262
266
264
266
1026
264
264
268
270
266
262
266
268
266
264
266
264
268
266
264
264
266
268
266
268
264
266
262
268
1156
44
268
262
266
264
264
264
266
264
266
266
264
264
262
266
264
264
264
268
266
268
266
266
268
1160
270
268
264
266
268
266
264
266
262
270
266
266
266
266
266
266
270
268
266
264
268
268
268
266
346
44
268
270
268
268
266
284
268
270
268
268
264
268
266
268
266
268
270
270
266
268
268
268
264
664
272
268
268
266
268
264
262
266
270
268
270
270
268
268
266
268
270
266
266
266
266
266
268
266
268
44
262
268
266
264
270
358
266
268
268
268
268
268
266
270
268
268
268
268
266
268
262
270
268
1442
264
270
266
266
268
268
370
270
264
268
270
268
270
270
266
264
270
268
268
268
266
270
268
262
268
44
268
268
266
266
266
266
268
270
272
270
268
270
266
268
268
272
268
266
270
266
268
270
268
268
268
266
270
268
268
270
658
268
268
266
268
270
268
264
268
270
268
266
266
266
264
268
268
266
264
44
268
268
270
266
268
866
264
264
268
264
270
266
268
268
268
264
268
268
268
270
268
270
266
266
266
268
266
266
268
268
1110
268
266
264
268
266
270
268
268
266
266
266
270
266
270
266
266
286
270
42
266
266
270
270
268
1200
268
270
266
266
264
268
246
264
264
262
268
268
266
266
266
266
268
270
270
270
268
268
266
262
266
270
264
266
268
268
266
266
266
268
268
264
268
266
268
268
270
268
244
42
264
264
266
266
270
1022
268
268
266
268
266
266
270
268
270
268
266
268
266
268
266
270
266
264
268
270
266
266
272
268
270
270
266
272
268
264
268
480
268
268
268
268
266
264
270
268
270
268
270
46
268
266
266
266
268
270
268
268
270
266
268
268
688
266
266
266
266
266
268
270
270
268
268
266
268
270
266
268
270
270
268
268
270
264
272
266
268
702
266
272
268
268
270
270
268
268
268
268
266
44
268
268
266
266
268
272
268
266
266
268
264
272
940
264
262
268
264
268
266
266
268
268
266
270
270
268
266
266
264
266
266
266
268
264
268
268
268
1092
266
266
268
270
266
268
264
264
264
272
268
46
268
266
266
266
270
268
266
266
268
268
268
268
1240
266
266
270
266
264
268
266
268
264
262
268
270
270
268
270
270
270
264
268
270
266
266
268
266
1066
266
272
268
268
268
268
334
266
268
270
268
44
266
268
262
266
266
266
268
264
268
268
268
268
1430
266
268
266
264
272
266
612
262
264
262
264
264
264
268
266
264
266
266
270
270
266
266
268
268
1264
264
266
266
266
270
264
616
266
262
268
264
44
266
266
268
266
266
268
266
266
264
264
266
264
1138
262
264
266
264
266
266
712
270
266
266
264
268
268
264
270
266
268
264
264
266
264
264
266
264
264
266
268
266
264
266
268
438
266
264
266
266
42
264
270
268
266
266
266
268
266
264
266
268
268
268
264
270
270
266
244
262
920
266
266
268
264
266
266
268
262
266
266
236
270
266
264
262
264
264
264
266
266
264
264
266
270
1118
264
268
264
268
42
266
264
266
268
262
262
270
262
266
262
266
270
264
270
264
268
268
264
264
1266
264
262
260
268
262
268
262
266
268
266
264
268
268
268
268
264
264
264
268
266
246
266
266
264
814
270
262
264
264
42
270
266
266
266
266
264
264
268
272
266
268
264
268
268
268
262
266
268
266
1464
264
268
266
268
268
266
262
264
264
240
272
268
262
268
266
266
266
268
262
268
264
268
264
266
1536
270
262
264
266
42
266
558
266
264
268
266
266
266
268
266
266
266
264
268
262
268
268
264
266
1440
264
270
266
266
266
266
658
264
270
264
270
264
268
266
264
270
268
268
266
266
266
268
268
266
266
266
270
266
270
44
262
716
270
270
268
266
268
268
266
268
266
268
270
266
266
266
266
270
264
266
264
266
268
264
268
268
474
264
270
270
268
266
268
268
266
270
270
268
268
266
266
268
268
270
264
264
266
266
266
44
264
808
268
268
266
264
264
268
268
264
266
242
262
254
282
252
264
268
264
276
264
262
264
266
262
264
1072
268
268
266
266
268
266
264
266
264
264
268
266
266
268
264
264
264
268
266
268
264
266
48
266
1078
266
264
268
266
266
264
266
268
266
268
268
270
268
272
266
270
266
264
268
268
264
264
264
268
1490
268
266
268
270
266
268
310
266
270
268
270
270
270
268
266
262
264
266
302
266
266
268
44
272
262
264
266
266
268
268
268
502
260
266
266
266
268
268
266
266
266
268
264
266
266
268
266
266
264
268
266
266
268
264
266
270
652
268
264
266
266
266
266
264
266
264
268
264
264
268
270
266
44
266
268
266
266
264
268
264
266
780
270
266
264
268
266
270
268
268
268
268
268
266
268
264
270
270
268
264
268
266
268
270
266
264
916
266
262
264
268
266
268
266
264
264
268
268
264
266
268
268
44
262
266
264
264
266
268
266
266
930
266
266
264
264
266
268
262
266
262
268
266
266
264
268
268
268
266
266
266
266
262
264
264
264
1118
266
268
268
262
266
266
266
268
266
268
266
264
268
266
268
42
268
266
264
266
268
270
266
266
1156
266
268
268
264
266
266
268
264
266
264
266
264
266
264
288
266
262
262
266
268
260
260
268
266
1486
268
260
266
268
268
264
266
260
270
270
268
268
264
266
266
46
266
262
266
266
268
264
266
266
262
262
268
268
270
264
264
264
262
264
268
266
268
264
264
266
268
268
268
270
266
264
264
266
266
268
266
264
266
270
266
264
280
268
266
264
264
264
270
266
266
42
268
270
266
264
268
266
268
268
264
266
266
262
266
266
266
628
268
268
268
268
266
268
268
262
264
266
270
268
270
268
268
266
270
1382
268
268
264
262
260
270
350
264
266
262
266
264
268
270
266
44
264
262
266
266
262
266
268
268
262
264
266
268
268
272
266
976
270
264
268
266
264
264
266
268
268
266
266
264
264
270
264
264
264
266
266
264
266
268
268
266
836
266
268
268
270
268
268
268
268
42
268
266
272
266
268
264
264
268
268
264
266
266
266
268
268
1196
264
268
270
262
268
264
258
266
268
266
268
266
266
266
266
266
266
266
260
266
268
264
268
266
1344
268
266
262
266
268
262
274
270
42
264
264
270
266
268
268
264
268
262
264
262
268
264
268
264
1072
264
270
268
266
264
266
268
268
262
270
268
270
266
266
264
262
268
268
266
268
268
268
262
264
1430
266
262
266
270
270
266
582
266
44
266
268
266
270
266
266
268
268
264
266
268
264
266
264
262
266
268
270
266
268
268
266
436
268
264
266
268
266
268
266
270
268
266
268
266
270
270
268
266
266
240
266
268
266
262
268
268
760
266
40
270
270
266
264
268
266
270
266
264
266
270
270
262
266
266
268
266
270
266
268
266
268
934
268
266
266
264
264
266
270
272
268
266
270
268
264
270
268
266
266
266
266
264
266
266
266
268
676
266
42
266
264
266
268
270
262
268
268
268
266
268
266
268
268
268
266
266
268
266
266
268
266
1274
268
268
270
262
268
266
268
266
266
266
268
264
270
270
262
262
270
268
270
268
262
270
266
266
1342
266
44
270
264
266
268
338
266
270
268
266
266
268
266
268
268
268
262
266
268
264
266
262
264
1476
264
266
266
264
268
266
264
268
248
244
876
342
270
244
268
244
268
1498
300
242
740
238
310
282
1298
242
242
264
266
264
268
618
268
268
268
270
266
268
270
266
266
262
268
264
266
264
268
266
266
264
264
266
266
264
268
266
278
268
266
266
268
268
268
266
268
266
246
268
266
266
264
264
268
264
244
268
44
262
264
268
268
612
262
266
266
268
270
268
270
268
266
268
242
264
268
270
268
268
268
268
264
264
270
266
266
266
748
266
266
264
266
266
262
268
262
268
264
268
256
250
300
266
266
268
266
270
44
266
1026
268
264
954
264
318
242
240
382
264
244
266
266
268
266
266
268
268
300
268
612
264
266
264
266
268
318
266
926
246
262
268
266
266
268
268
244
266
246
270
250
242
268
264
266
268
268
268
46
268
268
264
270
1222
268
266
270
266
268
246
264
238
264
268
260
266
266
264
264
242
264
266
264
240
266
266
242
262
356
266
242
246
270
266
260
268
270
268
266
264
246
266
266
262
264
266
244
242
44
262
264
266
272
652
262
266
264
266
262
264
264
268
244
262
246
266
266
244
262
268
266
268
266
268
264
296
270
244
268
266
262
240
266
266
270
568
380
264
400
244
264
266
266
266
266
244
268
244
44
240
242
264
240
1094
246
266
264
266
262
264
520
268
268
268
268
266
244
268
240
266
242
1350
246
268
268
270
266
266
264
266
264
260
268
268
266
716
268
266
266
264
266
266
262
246
244
266
266
268
44
268
264
264
266
268
266
268
262
270
266
264
518
266
266
266
268
270
268
266
266
266
266
264
266
266
266
266
268
266
264
266
266
268
272
270
266
702
244
262
266
270
242
268
240
266
264
266
262
268
42
268
266
264
266
262
266
268
268
268
266
264
1368
262
270
266
262
266
264
268
268
266
266
266
266
264
266
270
264
266
920
262
262
266
268
264
266
1328
266
266
266
266
268
266
264
266
270
264
266
268
42
266
264
266
264
266
268
264
268
268
264
266
970
268
244
266
266
266
268
292
268
268
266
268
266
268
264
268
270
272
270
266
266
266
264
266
268
1518
266
266
268
266
266
264
476
266
270
266
266
264
44
270
264
266
270
266
268
270
264
268
268
266
266
266
268
270
268
264
268
530
264
268
266
270
266
266
266
264
266
272
264
266
268
270
266
266
264
270
270
266
270
266
266
268
714
268
270
270
264
266
44
268
268
270
272
268
264
266
268
268
266
266
268
266
268
270
270
270
266
728
268
268
268
270
266
268
264
266
268
268
268
264
264
268
264
266
272
268
270
268
264
266
264
270
752
272
266
268
268
268
44
266
268
266
270
266
266
266
262
268
266
268
270
266
268
268
266
266
264
1078
266
268
268
266
268
266
268
268
264
268
264
266
268
262
268
268
268
272
268
264
264
266
266
268
816
268
264
266
266
268
42
268
266
268
266
268
264
264
268
266
266
268
266
264
268
264
266
266
266
586
270
266
268
266
270
268
294
264
266
270
266
268
268
270
266
268
268
266
264
252
268
266
268
266
1418
268
266
264
268
266
44
268
266
266
264
266
268
266
266
268
270
270
266
268
268
264
268
266
268
1532
264
268
264
268
268
264
340
272
266
268
266
268
264
264
264
268
264
266
268
266
270
268
268
268
1438
270
266
268
260
268
44
684
270
268
270
268
266
268
270
270
266
266
266
268
266
268
268
268
268
268
266
270
266
268
268
270
832
266
270
270
268
270
268
268
266
266
272
264
264
268
268
266
268
268
270
266
268
268
270
268
44
986
266
266
266
270
264
266
266
264
264
266
268
268
266
266
264
268
268
268
268
268
266
270
264
268
1074
266
264
266
270
266
264
270
270
268
270
266
266
266
266
266
264
268
1306
272
264
264
242
266
46
898
268
264
268
266
266
268
268
266
264
266
268
270
264
268
266
268
264
270
266
268
266
264
272
266
1314
270
272
270
266
266
266
314
266
268
266
268
270
268
268
266
266
264
268
266
264
268
268
264
44
1250
268
270
264
264
266
266
336
268
268
268
268
270
270
268
268
268
266
266
270
264
268
270
268
268
1304
268
264
266
266
266
264
370
268
268
264
266
270
268
264
266
270
268
266
268
270
268
270
268
50
1026
266
268
268
268
266
266
522
266
266
266
266
268
272
268
266
268
266
270
266
264
264
268
266
264
1480
268
268
268
268
268
268
618
266
264
266
268
268
266
266
266
270
266
268
266
268
262
268
270
42
268
268
268
268
270
268
266
960
266
268
268
266
262
266
268
268
266
268
262
264
268
268
264
266
266
266
266
268
268
268
268
266
1130
270
262
264
266
268
266
266
266
264
270
268
264
268
262
262
266
44
266
264
268
266
264
266
266
1274
266
266
266
264
268
264
266
264
266
262
268
266
268
264
266
268
262
268
264
264
266
264
266
268
1406
264
266
264
266
266
266
356
264
262
266
262
268
264
264
268
260
46
266
266
266
264
268
264
266
964
266
268
268
268
266
268
460
262
264
266
264
266
268
268
264
268
266
264
266
262
266
264
268
266
1538
268
266
266
264
266
268
582
264
266
266
268
264
268
264
266
266
44
268
262
266
268
264
264
268
270
260
266
266
266
266
262
632
268
264
266
264
264
268
264
262
270
268
268
266
266
266
262
262
268
268
262
264
264
262
268
262
790
266
268
268
266
270
264
266
266
268
44
268
266
270
266
266
268
266
268
264
270
266
266
266
262
910
268
268
266
264
268
266
266
270
268
266
268
264
264
266
268
268
266
266
268
268
264
264
268
268
740
266
264
270
262
266
264
266
268
268
48
266
268
266
266
264
264
266
270
266
264
264
264
268
268
1128
268
264
268
268
270
266
262
268
268
268
262
266
268
268
266
266
268
262
270
268
266
264
266
266
1354
266
266
266
268
270
264
268
268
270
40
266
268
264
270
268
266
268
262
268
266
270
270
268
266
1474
266
266
264
264
266
266
386
266
264
266
264
266
268
264
266
264
266
266
264
264
264
268
264
268
1446
266
266
270
266
266
268
572
268
268
40
268
268
270
266
264
262
264
268
264
268
266
264
260
266
268
268
266
268
268
266
266
264
266
264
268
260
266
264
266
264
268
266
270
266
266
262
266
264
266
266
270
264
266
266
262
266
704
268
264
44
266
266
266
264
266
268
266
268
262
270
266
270
268
268
268
268
268
266
266
246
262
240
264
264
266
266
266
264
270
266
270
270
270
268
264
268
268
268
268
266
260
266
266
266
264
266
600
266
264
42
268
266
266
266
272
268
270
266
268
266
268
270
266
264
266
266
264
268
268
270
268
1240
268
268
264
264
264
264
262
268
270
266
268
266
266
268
264
266
266
266
268
266
266
264
270
264
990
270
264
44
264
268
268
264
266
268
266
268
266
266
266
264
266
266
266
270
268
266
270
268
266
1396
264
270
268
266
262
270
270
266
266
266
270
264
266
266
266
268
266
266
266
266
266
264
264
266
266
264
268
44
264
266
266
548
270
262
268
268
266
262
268
266
266
266
266
264
266
266
262
264
268
266
266
266
262
262
266
266
576
266
266
268
266
264
268
266
266
268
266
264
264
262
266
268
268
268
1378
268
268
40
266
266
262
376
272
270
268
268
266
268
268
266
268
268
264
266
264
268
264
268
266
268
264
266
266
264
266
264
526
266
262
266
268
266
264
262
268
268
266
268
264
266
266
268
270
266
268
268
270
42
268
266
266
912
264
266
266
262
266
264
270
270
264
266
268
266
264
268
266
262
264
266
270
264
266
266
268
268
798
264
266
266
262
268
268
266
270
272
266
266
266
268
268
268
264
264
270
268
264
44
268
266
264
1048
266
262
266
266
270
268
268
262
266
264
262
266
270
266
270
264
270
268
266
266
266
264
266
266
1356
266
264
264
266
266
266
266
270
264
266
266
264
264
266
268
268
266
266
268
266
44
266
268
264
1476
268
262
270
264
264
266
288
264
264
266
264
268
270
264
266
266
266
264
268
270
266
266
268
264
1464
270
268
266
266
266
268
450
264
268
266
264
266
264
264
268
266
264
264
270
264
42
266
268
268
264
266
262
268
262
264
264
684
268
270
268
262
268
268
268
266
270
268
268
268
264
268
262
270
262
1518
266
268
268
264
266
264
742
266
266
262
266
266
264
266
266
266
266
270
268
268
44
264
266
268
268
266
242
266
264
262
266
886
264
264
270
266
270
264
270
268
270
244
270
266
268
264
264
268
266
264
266
270
266
270
266
268
1046
266
264
268
264
266
266
270
266
268
262
264
268
264
44
264
270
264
266
270
266
262
270
264
266
716
264
268
268
268
266
268
266
264
268
266
268
266
266
264
264
264
266
266
264
266
268
264
262
266
1182
266
268
266
268
266
266
268
266
268
264
270
268
266
42
262
268
268
266
266
266
266
266
268
266
1488
266
266
268
268
264
266
294
266
264
266
270
264
268
268
268
264
264
268
264
268
268
268
266
266
266
268
268
266
268
264
270
432
264
264
268
268
264
266
42
268
264
262
266
266
266
262
268
268
268
956
268
268
270
266
268
268
620
264
264
268
268
266
266
268
266
268
266
266
264
268
268
266
266
270
264
266
266
264
264
268
266
266
268
268
268
262
268
266
44
266
266
268
266
266
264
266
266
270
266
264
264
264
266
268
270
264
860
264
268
264
268
266
270
268
268
270
262
264
266
264
260
264
264
270
266
266
268
266
266
262
268
1012
266
266
266
264
270
264
42
266
266
266
266
264
268
266
266
268
268
264
264
266
264
268
268
270
1202
264
268
268
264
260
268
266
268
268
266
266
268
278
268
266
270
262
268
268
266
266
268
268
262
732
264
266
266
264
264
266
44
262
270
262
266
266
268
264
266
260
266
266
268
268
266
266
268
264
1200
268
266
264
268
266
268
264
266
268
270
266
270
266
264
262
264
268
268
268
264
268
262
264
266
1282
260
268
264
268
266
264
44
266
268
264
262
268
264
264
268
266
268
266
268
266
266
266
266
268
1354
266
268
264
266
264
266
518
268
262
266
268
266
264
266
268
270
270
266
266
268
266
268
268
264
264
266
268
266
268
266
266
42
266
268
266
264
264
266
262
264
268
270
270
266
266
266
270
266
266
264
266
266
266
264
264
268
270
264
266
262
262
264
266
264
262
264
262
266
270
262
266
268
266
262
268
264
266
270
266
266
266
42
264
266
262
266
266
264
262
264
268
264
270
266
264
270
264
270
266
268
264
262
270
264
264
268
1040
264
264
268
266
268
270
266
266
270
264
268
266
266
266
266
266
266
264
266
264
266
268
264
268
44
264
266
266
270
266
270
262
262
264
264
266
264
264
266
268
268
268
266
268
266
270
270
268
264
1004
270
268
262
266
266
268
264
266
266
264
270
262
266
262
270
266
266
266
268
264
266
264
268
264
44
266
262
266
268
264
268
264
264
266
262
270
268
268
264
268
266
266
268
264
264
266
266
266
266
1538
266
264
266
270
268
264
394
268
270
266
270
268
264
258
266
268
264
262
266
266
266
268
268
264
44
262
270
268
264
266
268
596
268
266
264
268
264
268
266
262
266
266
266
268
264
270
266
266
268
264
262
268
266
270
264
268
734
260
266
268
266
264
262
266
262
266
266
266
264
264
264
264
264
268
44
266
266
264
266
266
264
788
266
264
264
268
268
268
264
268
268
264
270
262
264
264
262
264
268
266
268
264
266
268
264
264
850
268
266
268
266
266
266
266
268
262
266
262
266
266
268
268
272
264
44
262
268
270
266
266
270
1182
262
268
270
266
268
268
266
266
262
266
268
264
270
266
266
264
266
266
266
270
266
266
266
270
1288
270
268
270
266
268
266
264
268
264
270
264
266
266
270
266
264
264
42
266
262
268
264
264
266
1332
266
266
264
268
264
270
414
266
266
266
264
270
264
268
264
262
270
266
266
264
270
262
266
266
1482
264
268
264
268
264
266
334
262
262
268
262
266
266
264
266
266
266
44
270
266
266
270
268
266
266
266
264
268
262
266
266
576
268
262
268
266
268
264
266
266
268
264
268
266
272
264
268
266
268
1348
266
266
270
266
268
268
618
264
268
266
266
270
266
268
268
264
268
42
266
266
266
268
264
266
264
268
264
266
266
266
266
756
268
274
264
266
266
272
268
266
262
268
270
264
270
264
270
270
264
270
270
262
268
266
262
266
804
266
266
266
266
266
266
266
266
266
268
42
268
264
268
264
266
266
266
264
264
266
266
268
266
954
268
266
268
266
266
270
264
266
268
266
264
266
266
266
270
264
266
268
264
268
266
266
264
266
1220
266
266
270
266
262
270
266
270
264
266
44
266
262
264
264
266
264
266
264
264
268
266
264
268
868
268
268
268
268
266
266
262
262
266
264
266
266
266
266
268
268
268
272
268
268
264
270
266
266
1402
270
268
266
268
268
266
298
264
266
264
44
262
266
268
268
266
266
266
264
268
268
266
266
268
1502
268
266
264
268
266
266
506
264
268
264
266
266
266
270
266
268
264
264
266
266
264
266
266
266
270
264
262
268
262
264
266
674
268
266
268
44
268
264
268
266
266
264
270
266
266
268
264
266
268
1394
268
268
266
268
262
268
826
266
266
266
266
268
262
266
266
266
266
266
268
264
270
266
268
262
264
268
266
262
270
268
266
464
262
268
268
42
266
268
268
268
266
266
266
268
264
270
264
264
264
272
270
264
264
264
270
268
916
270
266
270
266
266
266
262
268
266
266
264
270
268
264
266
270
266
268
264
264
268
268
266
270
1030
266
270
268
40
266
266
266
270
266
264
266
264
266
266
266
266
264
266
264
268
264
268
270
266
1254
262
266
268
266
266
264
268
266
266
268
268
264
264
266
266
270
268
266
266
270
268
268
266
268
1014
268
264
264
44
262
272
268
266
268
266
268
264
268
268
262
264
264
270
268
266
264
266
266
268
1528
264
