419
249
229
238
380
229
321
235
422
231
246
226
419
220
272
232
315
232
232
231
231
235
235
235
244
220
235
217
246
237
235
217
231
232
315
238
280
238
274
226
231
294
286
237
241
252
217
241
249
228
249
234
312
231
235
220
232
223
234
231
229
226
217
232
380
237
341
238
300
246
235
231
238
231
232
223
229
217
252
244
249
244
353
232
241
249
238
300
252
238
224
231
244
238
243
234
246
231
238
229
238
226
249
229
241
238
241
252
226
234
240
232
241
238
247
223
237
229
238
234
241
252
291
246
249
229
239
249
389
257
234
241
232
238
315
235
345
243
232
238
369
241
294
244
232
244
238
255
249
232
229
249
237
232
232
223
283
238
274
223
283
234
268
223
277
246
288
255
288
232
235
226
365
249
291
241
291
244
291
238
368
231
238
243
238
238
333
243
275
232
291
252
241
235
255
238
238
241
255
244
235
241
249
247
235
235
232
249
238
246
235
232
234
241
243
252
238
249
232
244
291
235
274
244
329
246
294
246
288
246
280
235
288
244
288
252
291
235
288
255
306
232
288
241
291
241
291
240
288
238
277
235
267
235
232
280
255
252
255
238
232
238
235
232
232
234
235
249
235
252
243
231
226
226
226
210
234
231
238
226
238
237
223
235
235
235
232
229
232
220
229
235
223
223
220
223
221
217
231
220
220
223
247
234
246
228
235
240
235
231
238
234
231
232
234
226
235
238
229
214
226
246
231
235
231
232
238
228
235
237
226
220
229
229
238
235
232
235
237
238
236
240
226
249
237
232
237
237
244
238
222
240
241
238
259
270
252
237
223
249
226
234
249
240
237
229
244
241
249
237
229
238
261
232
229
225
283
238
240
241
237
240
240
229
240
231
241
223
249
229
237
232
235
229
237
226
232
244
241
240
249
237
244
255
249
238
232
214
238
237
234
238
240
237
238
238
238
249
252
237
238
238
241
242
249
249
238
237
249
238
241
249
297
234
252
229
237
228
241
229
232
214
241
232
241
232
300
242
238
232
226
255
255
255
244
237
237
223
237
217
223
252
235
238
234
237
247
245
257
250
237
226
240
228
237
240
249
244
238
244
238
252
238
244
252
238
235
244
234
237
240
255
240
240
241
243
234
237
237
240
241
244
237
226
240
237
238
241
309
229
248
237
241
232
249
244
270
260
245
250
238
244
234
244
249
214
232
223
229
237
244
238
229
238
255
238
249
232
244
229
244
252
238
249
235
237
241
244
241
238
255
223
237
227
237
227
237
237
212
235
232
226
229
223
249
226
244
252
237
255
238
229
234
237
229
232
224
237
249
249
244
241
238
232
267
267
273
256
241
249
234
249
238
237
263
252
241
238
238
252
237
229
297
229
240
240
249
237
240
240
226
229
245
252
252
238
238
270
241
241
249
249
246
237
237
242
240
234
237
240
241
238
238
232
374
232
291
238
285
238
291
231
288
232
267
241
231
238
297
238
238
229
237
230
238
234
691
238
291
226
231
231
226
223
258
241
288
243
255
238
234
241
281
249
249
234
235
234
235
231
235
229
241
238
235
235
235
226
241
252
240
237
244
243
226
235
240
220
245
238
244
237
288
237
291
231
235
234
231
234
226
222
243
232
235
223
243
241
223
228
235
238
229
223
246
249
238
240
232
238
238
249
238
238
360
241
288
238
280
226
223
229
249
231
237
231
288
226
243
235
229
228
226
217
231
217
232
231
235
238
246
238
229
231
253
243
232
241
246
241
44261
232
245
232
231
229
232
413
283
252
235
231
226
238
291
238
275
241
280
223
229
212
235
220
220
226
223
243
232
231
234
413
276
404
288
249
291
234
255
226
276
231
249
238
240
226
241
243
241
235
235
235
234
241
255
234
246
231
224
227
243
223
244
235
241
231
241
229
238
241
241
250
243
232
232
240
234
232
226
252
246
220
237
238
232
241
238
231
240
240
220
211
241
241
229
232
231
249
241
226
232
229
235
231
238
238
235
243
244
237
248
223
232
235
255
234
229
226
249
223
229
231
275
227
280
244
231
238
243
234
241
234
247
255
234
226
249
235
235
231
235
258
630
243
255
235
235
255
217
226
232
238
232
241
252
229
223
230
249
244
238
240
285
244
241
214
241
249
241
249
226
220
223
235
243
235
288
226
294
240
278
252
238
231
238
234
243
220
249
237
226
249
243
243
223
246
240
247
241
239
235
244
238
234
244
231
228
235
232
232
246
225
255
244
246
229
226
235
288
238
285
238
234
232
291
246
288
249
278
232
225
232
286
234
249
237
228
252
276
235
226
249
255
214
240
229
224
244
237
235
241
231
231
238
249
234
231
217
235
270
232
238
235
238
238
234
235
244
232
241
232
249
277
252
277
231
239
238
235
234
232
234
231
237
224
211
273
238
286
266
234
226
252
234
235
238
232
229
232
241
235
289
231
234
220
231
244
217
241
252
243
238
249
246
232
252
232
241
249
241
277
241
279
238
234
238
249
237
238
238
232
255
226
238
252
235
235
238
232
231
234
228
246
252
246
243
237
231
246
249
232
243
235
238
231
232
229
246
246
228
234
238
243
228
238
223
238
220
249
255
232
229
249
249
234
217
249
235
232
249
269
232
238
231
249
226
226
235
238
232
226
235
231
234
238
238
235
240
232
249
235
243
238
238
226
237
235
243
232
261
243
226
232
229
235
274
232
241
339
255
285
252
291
223
231
249
285
235
277
235
274
229
285
249
285
223
263
231
286
229
240
234
238
235
238
238
231
237
223
231
232
241
223
210
246
235
238
246
232
232
238
249
318
241
235
318
312
249
285
234
267
228
266
244
280
238
228
237
238
226
232
231
232
238
223
220
273
243
265
246
275
232
270
231
223
223
232
294
285
238
288
220
281
235
231
217
229
252
347
226
294
255
246
238
297
249
291
235
246
235
280
243
243
294
255
232
231
238
235
243
235
226
238
237
232
246
235
246
223
232
237
226
235
241
235
231
285
238
235
222
231
229
234
244
232
252
244
229
223
247
231
231
246
231
243
223
280
232
288
235
280
235
288
231
231
229
237
235
249
234
231
229
255
241
232
237
237
231
237
231
719
223
238
255
246
240
324
232
244
235
232
241
235
291
229
235
229
228
234
226
234
226
232
234
231
225
235
232
231
237
234
217
234
231
223
226
252
237
232
235
246
220
235
232
279
244
218
224
223
246
231
243
232
234
232
238
232
244
303
231
249
238
252
240
243
234
241
234
231
243
232
249
246
234
229
235
252
243
231
249
321
223
280
232
291
249
235
297
238
217
223
252
210
235
235
229
229
232
226
237
237
234
232
237
243
235
221
234
241
232
232
223
234
223
285
225
231
238
232
238
232
246
235
234
235
231
232
232
244
252
243
244
223
231
243
237
243
220
235
238
223
232
231
226
229
258
252
238
223
246
244
247
232
223
238
238
232
235
246
232
238
234
232
225
246
249
249
229
252
223
286
237
241
244
246
238
246
249
235
255
291
229
252
238
232
249
223
243
246
249
238
240
235
232
234
232
255
246
220
220
231
217
226
234
246
231
246
232
241
243
235
238
234
226
234
223
238
226
238
235
235
229
235
238
235
232
231
235
235
231
235
226
228
238
232
223
238
238
246
252
249
208
243
249
235
234
232
232
226
240
228
226
238
238
238
231
345
244
249
234
235
249
249
234
220
246
234
229
249
226
243
235
238
250
261
238
255
230
235
238
249
235
249
231
238
249
231
246
243
226
246
229
220
217
252
214
229
238
223
223
235
238
249
220
374
244
238
232
238
237
235
235
246
241
243
232
238
252
235
243
238
231
288
225
246
232
235
243
252
249
232
246
225
241
217
218
223
223
231
238
231
237
232
234
234
232
231
229
226
235
226
246
217
226
255
238
249
238
220
231
246
246
238
229
232
223
249
241
280
235
238
235
238
238
235
238
232
241
243
238
246
235
243
238
249
255
249
235
232
238
235
252
232
249
252
232
235
237
235
246
235
232
231
237
220
224
238
232
232
234
232
237
231
223
235
220
231
241
235
246
232
220
246
235
238
232
238
241
249
252
220
221
237
234
280
238
263
223
294
252
226
234
255
235
232
231
243
232
231
210
217
229
228
238
244
231
238
252
255
232
238
223
246
238
235
231
235
217
266
229
273
229
280
217
237
235
256
232
294
288
234
232
238
232
229
214
234
232
277
238
252
237
234
235
255
238
300
226
232
237
240
241
234
249
234
229
231
243
243
235
235
229
232
249
243
246
228
225
234
234
223
229
235
226
234
237
217
252
235
235
234
235
234
223
238
226
223
226
235
244
235
244
235
246
663
229
246
253
237
241
235
238
238
235
246
238
238
232
231
224
229
246
210
231
231
231
234
218
226
238
235
244
238
255
232
240
237
238
231
235
231
234
234
235
235
238
246
235
285
214
210
234
234
246
235
231
244
226
235
226
234
234
223
234
246
234
232
231
244
252
238
255
246
277
238
231
282
291
232
249
232
232
246
232
241
235
234
249
246
238
235
232
231
228
235
241
243
232
234
229
237
229
238
234
235
226
223
238
217
231
239
241
232
217
234
238
231
238
232
241
220
238
232
234
238
231
241
234
232
228
232
223
231
238
241
231
238
241
229
214
231
252
243
226
288
255
294
232
235
249
243
258
240
214
220
220
220
235
241
238
223
229
226
210
243
231
232
229
231
243
234
249
241
234
238
249
228
234
234
238
247
244
232
226
235
235
250
247
234
238
231
235
231
223
232
220
238
234
234
234
234
237
212
223
235
238
235
232
223
249
221
232
232
238
234
234
246
243
238
238
249
234
226
234
221
235
229
224
231
226
232
238
722
235
342
238
291
303
291
258
246
303
300
250
239
235
241
244
232
231
228
229
280
220
226
231
220
241
246
231
289
264
243
231
235
241
235
238
232
244
229
249
321
229
232
238
232
247
294
249
374
330
241
223
235
274
252
241
241
243
255
244
246
235
279
214
263
226
285
220
263
252
277
234
232
231
277
229
274
234
280
241
269
235
232
249
363
231
231
217
246
235
234
217
235
238
235
300
238
240
243
238
244
241
252
255
244
247
250
255
367
252
324
240
229
252
273
231
232
238
231
252
277
225
278
332
231
223
235
241
231
232
234
235
285
226
285
235
246
234
240
232
217
234
226
224
220
246
246
243
238
291
226
217
238
238
249
241
245
234
224
220
223
231
226
226
234
214
289
227
283
223
384
286
276
303
297
284
279
275
339
341
315
297
312
283
312
318
294
283
285
303
291
318
309
297
294
277
294
303
283
306
298
309
312
304
280
297
300
283
277
318
279
274
291
288
297
315
300
285
285
297
300
306
283
312
338
309
306
280
329
297
335
297
312
297
301
300
309
297
324
297
318
271
321
306
280
286
300
280
264
286
309
281
312
295
315
287
288
283
332
272
304
285
318
280
283
306
339
288
300
297
309
312
303
312
283
277
289
280
309
318
327
303
327
297
350
297
309
292
312
303
312
294
303
294
295
276
324
297
270
288
288
318
278
306
286
321
280
303
283
288
272
280
297
277
303
289
342
291
286
291
357
309
298
300
283
279
283
285
304
303
301
303
277
297
291
283
277
286
291
272
309
283
288
271
312
297
291
288
288
291
294
306
312
354
315
318
315
289
280
291
294
278
288
280
278
291
274
280
283
291
312
298
309
268
273
294
292
306
288
283
297
272
291
288
275
280
303
294
291
278
283
306
283
272
288
288
294
248
283
279
286
294
303
278
294
286
306
279
288
283
283
291
326
291
291
288
312
309
291
265
280
297
295
297
303
266
291
279
380
282
278
283
291
303
309
274
309
291
283
283
309
283
283
272
274
275
309
297
277
294
288
277
300
283
312
330
297
306
294
288
292
283
297
274
283
285
291
294
309
300
272
272
284
280
288
280
321
549
303
283
286
315
289
297
294
283
283
286
283
315
292
306
282
286
294
283
286
291
283
294
309
294
294
300
303
297
312
294
300
277
286
283
280
286
291
291
300
283
272
309
292
274
282
277
312
294
288
285
292
283
297
283
303
294
297
315
303
294
294
291
300
300
300
280
297
286
294
315
297
286
297
294
300
306
291
318
318
312
315
315
318
297
315
277
280
297
318
326
303
280
289
279
312
283
273
288
268
297
283
280
309
306
323
291
315
280
312
288
318
294
321
283
318
288
312
294
321
271
339
294
315
294
336
294
288
294
315
294
333
291
312
294
303
300
303
276
312
271
294
283
306
288
300
283
282
281
274
291
279
294
283
282
283
283
294
294
297
315
288
278
318
283
278
306
278
300
315
297
315
297
283
288
294
292
294
292
286
291
274
283
282
294
296
280
289
283
297
274
297
315
301
279
269
286
321
297
297
271
272
272
280
286
279
306
281
283
285
277
306
277
280
303
283
283
288
283
312
294
318
282
292
294
283
278
300
309
294
278
280
303
283
272
262
272
300
282
294
279
279
276
286
315
291
276
312
283
315
286
283
289
283
277
297
285
278
297
289
297
282
276
297
289
300
303
269
279
294
306
304
279
277
279
274
312
276
290
303
272
277
273
283
273
289
272
274
278
312
276
312
279
288
282
294
297
329
306
280
294
288
300
280
306
291
294
283
279
283
294
306
300
297
312
283
279
283
283
291
283
292
291
291
294
303
281
286
288
295
291
289
301
274
309
300
286
291
280
285
294
286
294
283
275
289
279
291
280
283
282
279
277
277
306
297
312
286
265
306
294
294
297
280
300
279
283
294
288
278
297
277
285
278
291
306
297
295
300
288
294
303
297
277
278
277
288
281
291
278
283
283
288
288
286
275
364
285
291
335
283
284
300
306
286
312
315
291
306
288
309
291
303
280
286
295
286
294
278
315
274
280
309
283
291
297
291
277
286
288
272
286
297
288
289
277
295
288
277
291
282
306
289
291
303
291
274
341
279
297
279
269
274
291
279
291
306
288
312
295
281
294
286
280
280
276
277
260
315
291
297
291
294
291
280
291
280
277
283
288
315
303
294
306
309
306
318
303
289
288
294
288
276
300
279
280
315
294
289
281
294
279
303
283
291
294
297
291
294
309
278
312
300
309
271
262
297
303
306
279
279
271
300
291
288
294
281
312
277
288
286
315
294
294
309
309
283
288
306
291
277
270
309
279
280
283
336
306
303
312
291
300
297
297
288
312
306
294
309
285
289
300
300
291
315
294
286
291
297
294
288
288
315
336
303
300
294
306
285
294
309
294
306
286
288
345
306
294
297
283
327
291
288
306
291
309
269
309
282
315
286
309
303
291
275
291
288
283
271
279
294
291
315
288
278
300
280
274
294
280
386
291
288
333
333
294
294
294
283
291
280
274
283
292
291
298
294
300
288
301
288
312
309
291
286
294
283
306
280
277
277
277
306
278
273
278
276
315
297
312
300
280
297
300
283
315
285
300
297
295
289
288
294
279
283
294
312
291
291
294
270
283
300
335
268
279
309
272
279
294
283
279
306
312
280
295
327
291
272
276
295
309
294
309
277
283
292
312
291
324
278
301
273
300
288
350
277
309
295
309
306
279
272
274
291
277
286
300
294
289
300
283
285
283
273
300
277
282
321
288
282
300
304
276
275
288
309
300
297
292
285
306
275
288
306
297
285
289
306
312
303
309
297
330
286
272
277
274
272
283
283
283
279
285
271
283
274
278
265
288
292
279
278
280
279
291
278
303
306
309
272
289
275
288
297
312
274
283
274
289
288
288
288
297
282
288
297
280
280
301
303
303
297
286
273
294
291
282
272
283
285
312
294
315
283
289
275
303
283
283
312
324
283
294
283
274
291
321
294
283
300
282
297
315
280
280
375
312
285
303
294
306
274
294
282
283
280
312
283
294
303
294
315
281
315
279
294
277
312
288
294
295
285
318
265
324
297
315
303
312
283
312
294
303
283
307
283
295
294
327
283
309
300
315
285
300
272
300
300
333
294
309
286
309
291
303
286
315
283
309
288
283
279
291
297
283
286
315
321
288
283
277
279
279
321
318
288
285
280
294
279
286
294
291
289
288
291
283
297
280
283
294
285
280
283
288
280
280
294
283
277
312
265
285
306
306
288
280
285
297
309
312
294
294
294
291
288
282
321
291
309
294
303
312
285
312
312
312
280
327
294
298
286
294
291
312
294
283
283
309
288
312
279
301
280
270
351
303
286
262
272
274
272
291
294
294
291
286
306
280
318
288
294
312
283
286
283
294
279
276
273
278
277
280
294
288
286
294
292
294
286
291
294
294
297
283
272
297
286
312
306
274
279
309
278
285
274
279
278
283
309
291
318
312
283
294
300
312
294
291
280
291
303
288
283
279
288
277
294
294
303
610
289
291
297
271
283
280
294
288
292
288
291
294
297
274
315
312
321
312
285
286
283
300
279
279
285
288
282
306
306
327
315
274
291
303
309
288
297
345
286
315
280
288
268
288
286
291
288
294
294
306
297
277
297
294
286
294
312
294
280
294
283
295
294
294
295
294
300
291
275
283
301
283
294
306
383
278
274
278
291
271
283
309
274
288
293
291
288
309
306
280
272
300
278
309
283
286
294
288
303
300
312
288
294
294
297
288
294
297
283
283
278
272
306
282
294
285
291
291
279
276
306
291
297
279
286
288
297
279
297
279
297
288
288
291
291
280
303
291
297
294
294
280
300
280
318
288
300
303
289
283
279
278
297
291
279
280
297
276
283
285
283
297
283
279
273
283
297
275
283
296
283
278
297
288
288
327
278
279
283
274
271
306
297
277
300
274
294
294
291
279
274
294
280
279
312
269
279
296
278
288
275
286
272
279
278
289
279
309
283
283
274
288
283
279
282
291
300
309
315
288
291
315
288
291
283
300
278
281
312
288
300
277
295
321
292
294
306
288
289
297
288
286
294
282
282
282
272
306
277
283
303
278
309
283
272
289
274
277
294
277
291
306
309
294
294
291
297
300
283
280
315
281
291
280
291
283
289
288
282
286
289
294
288
276
281
285
283
277
283
283
286
280
288
275
278
288
303
288
318
294
286
291
288
288
286
276
297
309
294
292
312
285
294
297
289
291
288
309
301
279
283
274
286
283
286
294
294
286
291
274
286
306
286
279
303
289
294
279
279
312
288
291
286
330
550
280
294
278
280
300
283
294
297
280
286
286
297
283
283
277
294
294
288
283
291
273
294
288
291
312
303
282
292
269
272
272
272
286
250
262
274
276
264
294
289
395
306
309
297
318
309
318
309
338
300
335
291
289
312
286
283
280
283
312
297
295
315
289
306
291
312
284
294
315
347
