182
441
404
398
388
389
442
410
424
425
375
386
398
395
377
386
398
436
396
386
384
395
410
407
398
393
379
392
387
393
410
390
386
375
465
404
407
393
404
385
387
398
404
395
398
396
440
384
401
398
398
395
390
384
378
386
383
398
379
383
387
386
368
387
404
422
416
396
401
401
433
404
404
413
386
381
380
376
379
387
401
398
390
398
385
393
401
401
446
396
404
231
398
393
401
387
419
387
390
383
404
387
392
398
398
393
390
454
383
387
398
383
390
393
395
386
376
436
385
401
401
395
407
390
383
383
380
398
389
422
487
378
419
392
566
378
439
384
386
401
404
422
452
407
458
387
395
407
413
398
401
390
376
390
376
389
383
393
390
398
384
378
401
377
390
404
401
401
398
390
437
395
398
404
442
392
390
398
387
401
401
431
385
404
407
401
401
401
404
404
401
401
390
398
455
413
401
407
398
401
401
401
401
446
404
386
381
398
390
393
383
389
389
387
410
392
387
401
384
412
383
392
457
398
395
416
407
410
401
387
390
390
446
392
401
404
410
384
443
392
395
398
407
390
393
387
410
384
383
407
389
384
379
425
396
386
442
393
383
383
395
380
398
379
350
382
390
392
387
387
390
390
443
382
393
382
393
380
443
395
398
387
389
385
434
392
387
398
398
404
368
383
390
385
383
387
392
390
390
364
383
385
435
389
379
376
398
398
478
392
387
401
392
387
401
398
398
398
392
392
445
401
398
404
442
404
387
398
380
390
392
379
384
395
387
407
381
399
416
380
383
383
384
390
523
384
410
398
401
392
368
404
404
396
410
419
413
392
382
393
404
372
404
398
398
445
396
393
401
404
404
398
396
402
385
404
389
396
382
396
393
380
384
395
386
383
23498
374
386
392
458
368
392
382
379
390
401
413
390
390
401
390
422
390
389
401
382
393
437
42203
401
401
407
401
385
398
390
407
401
389
404
404
460
390
393
392
389
389
393
401
393
401
401
404
396
382
396
374
401
407
390
380
386
387
401
413
453
401
404
393
385
407
404
396
401
401
384
393
398
392
372
396
390
386
398
387
449
433
419
419
385
395
389
392
395
390
396
396
392
404
387
407
404
401
404
393
39736
404
393
401
401
401
401
390
395
407
393
404
382
389
382
398
404
393
396
389
386
393
393
393
460
393
416
404
379
387
422
422
416
410
406
401
393
392
404
385
392
395
386
393
416
395
445
390
446
401
442
398
387
382
398
407
404
404
389
404
393
404
390
404
398
404
396
380
379
381
385
389
389
379
389
401
385
385
401
393
421
393
413
389
401
393
393
404
395
396
410
368
390
401
390
404
401
398
410
416
473
419
422
404
401
389
422
384
422
419
416
404
381
396
387
401
393
392
393
390
390
404
393
393
389
389
457
404
398
396
390
385
401
404
404
407
404
393
395
386
382
404
389
389
382
404
398
390
390
457
398
404
404
390
390
401
387
390
390
390
398
395
529
398
404
399
396
398
386
386
389
416
439
379
399
368
413
398
389
387
440
460
404
398
404
401
401
407
390
390
387
404
381
393
387
422
387
383
404
419
401
392
390
398
455
413
407
389
390
390
404
398
395
393
410
398
390
404
383
368
392
393
390
381
401
383
439
378
384
396
401
398
385
390
419
395
390
378
401
398
445
384
449
404
445
398
404
404
404
404
455
398
401
387
387
387
393
398
392
387
480
384
378
390
386
384
383
387
393
381
376
383
387
395
390
387
393
387
381
376
386
390
389
413
385
401
389
389
393
395
386
387
384
393
398
395
395
377
381
404
419
392
398
401
390
398
381
385
378
374
379
383
387
393
42657
401
472
390
568
393
387
401
396
387
386
383
398
387
383
387
404
398
385
401
392
381
398
398
387
410
407
390
386
383
395
384
388
390
393
385
390
386
398
398
385
383
407
381
387
396
385
383
398
398
413
395
396
368
390
401
390
396
381
384
380
381
398
390
413
398
387
401
410
404
398
378
398
386
378
398
398
381
395
389
396
398
401
390
385
386
380
386
384
381
377
379
410
378
389
390
437
401
404
404
398
404
407
390
401
393
386
382
395
398
381
404
390
494
390
375
387
393
442
401
381
398
387
390
377
381
386
373
45024
407
398
413
401
463
380
393
393
410
401
395
401
390
380
376
387
401
398
407
410
440
443
390
466
387
386
398
390
379
399
387
378
398
404
396
413
387
396
393
398
407
393
410
413
386
399
384
446
393
395
401
401
386
404
387
401
387
401
387
390
401
387
390
389
366
460
393
449
2956
387
377
383
381
398
392
387
386
434
404
393
383
395
386
401
392
436
75972
407
395
384
395
393
395
398
390
404
389
387
393
381
395
448
390
378
395
390
395
401
404
401
395
398
398
419
410
396
387
387
398
401
398
401
389
401
385
384
381
379
368
401
431
407
384
386
393
404
401
401
401
404
393
384
387
442
378
387
382
378
387
404
395
401
401
384
401
387
385
404
404
390
376
390
448
393
401
387
401
401
398
401
387
439
413
398
390
387
390
390
387
383
401
387
385
398
398
390
393
386
401
390
404
404
386
386
393
389
386
404
381
431
390
452
383
401
384
386
398
442
398
377
407
410
377
387
387
383
393
404
407
404
384
387
392
375
384
378
387
378
398
384
392
390
387
398
386
378
396
404
395
384
395
401
401
390
404
390
392
390
577
466
404
407
419
395
404
398
387
407
401
404
401
413
419
404
398
401
390
413
384
386
389
449
381
404
387
404
386
382
379
379
376
383
390
378
387
404
390
393
387
386
380
387
404
401
370
395
401
440
395
387
401
404
404
404
422
449
457
457
398
401
390
459
376
390
396
386
387
390
387
379
392
387
401
390
380
449
384
381
380
381
382
387
385
387
386
390
390
384
401
387
401
385
387
385
389
380
392
386
389
422
381
401
404
390
380
437
407
407
398
390
449
404
387
398
390
445
398
393
404
422
383
398
384
390
393
387
382
387
401
387
404
390
387
378
386
449
384
404
443
442
395
383
387
390
398
398
410
396
390
401
395
382
384
382
395
401
385
373
398
398
381
376
393
448
386
378
386
442
398
448
383
387
398
393
385
389
396
387
386
380
375
373
413
558
401
407
398
434
401
390
410
404
404
398
390
390
449
390
386
386
387
377
379
378
389
385
383
386
386
387
387
390
380
373
383
419
381
386
387
398
401
401
384
434
390
390
398
398
385
383
390
401
398
387
389
398
407
404
398
386
392
449
404
401
392
387
401
410
389
387
390
404
387
404
398
381
401
390
390
407
401
398
404
407
385
398
401
398
398
404
389
379
376
387
398
395
401
381
398
387
387
385
384
395
390
387
395
390
410
398
390
401
393
395
401
379
413
401
387
395
398
401
401
395
404
460
398
398
390
390
422
422
398
383
379
384
386
410
393
383
386
383
372
410
404
387
402
379
407
393
381
398
401
387
395
381
390
401
378
392
398
386
385
404
384
398
386
381
398
383
384
381
379
440
395
387
404
393
401
398
380
449
392
452
407
387
407
387
392
393
398
390
410
387
379
416
393
383
385
383
382
386
374
381
385
410
401
398
404
449
390
390
390
378
390
381
379
387
378
366
398
446
392
448
389
387
398
401
404
404
398
398
404
387
390
387
387
395
404
404
401
401
398
38165
386
387
393
387
398
387
386
379
386
404
404
398
401
398
404
457
404
404
395
401
398
383
379
390
396
384
395
381
384
401
390
396
384
401
387
398
398
410
399
407
395
383
384
475
401
446
392
407
392
395
383
439
376
401
404
379
389
386
385
44806
385
389
401
404
390
446
389
401
401
404
401
398
375
442
404
404
401
387
395
387
381
407
387
398
398
404
387
387
398
446
395
404
390
386
387
418
387
383
390
398
401
404
386
383
396
386
390
390
381
378
380
449
396
404
395
379
379
384
387
398
387
390
387
442
395
407
401
398
398
446
390
407
381
404
398
404
393
401
404
398
404
401
404
401
392
407
404
401
401
401
387
404
399
390
404
439
386
390
376
404
366
376
389
390
401
404
398
386
389
386
389
379
386
386
381
398
404
508
389
392
390
383
386
390
398
404
392
431
438
431
379
380
389
373
380
380
392
373
386
390
384
386
386
401
390
383
404
401
376
407
384
393
386
404
416
390
413
386
381
380
404
395
380
387
387
380
379
366
381
387
396
380
377
498
395
395
404
383
369
393
389
379
381
383
393
390
392
422
395
404
384
439
401
449
387
398
390
386
389
407
390
387
395
378
401
404
375
455
395
404
398
390
395
445
379
381
386
399
387
384
392
390
393
376
398
376
390
395
404
401
383
386
376
384
398
398
392
404
404
395
387
383
405
431
387
386
237
398
387
395
407
398
401
390
398
481
386
387
395
401
387
387
383
398
381
385
396
387
401
395
390
395
396
514
393
393
387
387
401
387
387
398
398
401
390
401
393
379
390
390
398
370
401
386
368
398
401
398
401
387
390
442
395
443
386
390
384
395
401
398
404
386
393
439
387
395
404
390
387
398
384
395
387
387
398
401
383
460
390
398
378
404
387
387
401
390
386
391
380
395
407
389
377
386
393
393
379
390
390
416
401
398
401
401
413
445
392
434
401
387
404
401
401
387
404
387
390
410
451
375
382
390
398
387
446
393
383
390
401
387
410
395
398
387
398
390
401
401
387
399
378
364
368
398
387
395
398
366
382
377
370
398
395
468
401
387
393
387
398
384
392
386
398
381
384
439
404
413
401
404
392
478
398
455
410
401
387
398
378
393
387
387
398
395
404
401
393
398
398
383
379
384
395
390
387
390
379
378
364
401
401
398
387
368
393
401
395
385
401
390
404
379
387
378
401
384
392
401
401
401
481
496
404
413
413
556
472
458
398
416
390
457
395
446
387
404
395
390
386
439
382
386
386
420
401
439
384
393
379
392
386
390
395
401
398
404
401
404
396
387
401
449
395
390
392
1236
398
441
448
395
443
401
451
455
407
413
446
392
404
398
395
387
378
383
368
376
387
387
387
398
398
404
392
401
393
387
387
390
387
387
386
395
389
502
422
420
383
387
387
396
395
380
398
395
392
401
387
449
398
511
404
390
404
463
396
401
390
380
461
488
386
381
398
384
387
452
398
375
392
429
372
379
383
383
386
377
389
401
387
398
393
390
383
387
384
404
387
404
384
390
380
386
384
425
382
404
395
393
398
439
374
392
404
398
404
439
390
379
387
383
380
439
387
434
382
434
439
391
383
419
476
442
422
407
425
406
428
487
425
416
440
408
434
419
419
434
425
413
419
416
428
419
422
452
407
407
410
416
392
410
419
407
416
452
419
422
419
416
407
425
416
413
425
404
422
410
407
411
402
422
413
413
422
410
407
413
411
413
413
425
422
422
422
425
408
416
416
425
419
407
407
410
413
416
422
407
416
416
402
407
404
410
413
416
425
407
419
407
413
400
410
401
410
410
436
487
422
452
413
431
425
407
484
407
413
410
413
408
425
422
436
422
422
466
425
422
410
408
411
413
419
403
413
422
407
433
419
425
399
443
416
410
413
419
416
416
410
466
419
413
413
422
416
422
431
419
425
448
425
407
416
422
425
416
419
448
413
416
416
428
407
416
679
404
416
436
407
422
428
410
413
405
422
422
425
422
428
458
401
413
419
419
541
446
445
445
422
419
416
419
410
425
413
408
416
474
407
416
422
475
442
416
425
425
416
413
407
407
422
425
419
410
425
425
413
419
407
413
416
416
425
422
407
416
422
408
407
403
431
404
404
407
419
408
419
469
419
416
428
416
413
422
419
440
410
422
408
428
413
471
404
398
479
401
397
407
407
410
469
446
398
413
410
413
422
475
416
478
425
404
407
410
416
404
398
401
443
431
469
425
416
422
419
463
431
431
425
422
416
445
422
419
419
407
419
442
425
407
419
451
407
403
416
416
425
407
413
400
413
425
422
413
407
413
419
422
416
425
416
428
416
416
413
416
419
419
422
422
419
422
422
413
422
416
422
416
422
419
410
448
436
413
413
413
425
425
757
419
408
402
424
407
422
428
413
453
416
410
428
419
407
407
419
428
422
425
422
422
431
419
469
422
413
408
419
425
422
416
443
437
437
445
416
449
425
440
419
442
416
440
422
422
431
425
416
413
413
410
416
419
437
422
511
410
419
400
398
404
424
401
436
416
416
425
431
407
404
416
425
419
422
419
425
404
425
422
422
422
425
425
422
425
422
422
422
469
422
413
404
413
422
416
416
416
416
404
410
416
413
419
402
416
413
413
416
422
398
408
416
422
407
407
407
416
413
407
416
407
419
453
413
425
416
407
419
413
419
413
425
425
410
408
425
425
425
436
431
431
407
419
410
410
297
416
416
425
401
410
401
425
406
404
416
413
425
428
425
407
404
407
413
419
425
419
425
431
407
407
402
439
416
410
425
422
401
407
413
416
422
433
413
410
403
407
413
422
407
404
407
428
740
413
422
407
406
413
404
407
402
410
404
413
517
410
419
413
407
407
407
419
413
466
419
441
413
419
422
428
413
402
416
410
410
407
422
422
422
413
400
422
404
422
404
401
419
407
413
390
407
404
407
401
396
422
419
508
410
416
402
416
407
401
410
407
407
401
413
422
419
437
413
416
425
413
419
428
410
425
416
411
416
422
419
416
402
425
422
425
407
419
416
407
413
410
416
407
413
416
413
413
413
430
425
425
425
425
402
431
419
416
404
445
419
445
425
413
407
407
410
413
419
422
416
419
413
416
404
422
425
428
413
410
425
422
422
425
419
419
407
419
419
425
410
425
422
431
422
419
419
419
410
413
416
416
436
407
425
407
422
458
408
408
404
410
419
425
416
401
416
425
413
413
410
433
422
419
407
455
422
436
422
422
413
407
419
413
419
419
419
419
425
431
428
416
422
422
404
422
422
425
434
404
416
404
425
413
425
436
407
408
422
400
406
407
390
410
400
411
407
405
413
416
413
416
416
416
407
428
407
425
398
452
401
407
410
431
416
436
410
425
413
416
425
425
433
422
416
422
402
419
419
416
419
460
422
419
428
14379
436
407
407
404
428
407
425
402
410
410
413
431
419
425
425
425
422
416
422
413
416
425
413
405
404
404
425
425
413
422
493
428
413
439
419
422
425
416
425
431
422
416
416
407
422
413
416
416
422
422
419
410
413
403
413
407
460
413
410
431
427
419
431
402
422
431
422
454
436
442
425
419
413
405
398
26339
419
455
425
407
465
401
430
425
413
425
419
433
425
419
419
416
484
416
416
407
416
419
413
446
407
431
422
425
416
413
419
410
419
416
407
419
401
422
413
469
413
398
416
413
413
422
407
410
425
448
419
431
419
422
419
425
413
458
422
419
428
425
436
408
408
419
416
408
419
425
419
416
419
407
404
407
416
408
410
410
416
407
416
422
413
422
407
400
407
416
425
431
416
422
419
407
413
446
413
416
407
416
439
425
422
443
416
416
416
425
422
416
416
407
419
416
395
390
407
404
425
404
400
404
401
416
416
413
407
407
473
419
416
407
416
445
419
407
419
416
422
436
416
413
407
407
419
458
428
487
401
428
410
413
407
410
422
416
407
410
452
422
407
428
416
425
398
416
419
411
410
453
410
407
395
459
413
410
442
428
401
413
408
400
416
413
419
422
413
437
427
425
422
422
416
410
405
441
419
419
413
416
413
413
410
425
407
422
409
407
410
407
398
404
404
436
407
410
404
447
422
473
413
411
436
422
413
410
425
413
407
410
413
425
419
419
422
416
422
422
416
408
413
443
416
413
401
401
392
407
416
404
413
458
422
422
419
422
407
404
419
416
408
416
416
416
410
422
416
422
425
425
413
404
422
401
431
410
422
401
407
407
413
416
416
431
413
416
416
422
408
416
419
416
425
431
407
410
422
413
425
413
419
505
410
425
416
422
425
422
416
425
416
425
410
428
405
408
416
416
416
410
407
416
404
416
408
397
404
407
416
448
437
439
410
419
410
407
402
422
407
401
413
419
416
425
425
431
422
416
416
410
436
413
411
437
405
410
422
422
413
422
407
419
416
422
422
460
419
445
419
413
419
425
407
413
416
410
425
422
401
407
413
407
398
410
407
413
419
408
422
440
416
419
436
425
422
425
436
398
408
413
428
431
419
436
413
416
413
422
425
419
425
402
419
413
410
416
408
422
419
428
425
428
422
431
407
410
413
442
416
407
416
443
413
422
425
407
413
416
425
407
422
413
413
416
410
410
422
422
416
407
404
407
407
419
413
407
436
413
416
407
422
416
410
422
416
431
407
490
413
419
422
425
403
400
409
401
403
413
422
422
407
407
413
422
419
407
422
425
422
419
425
428
416
422
416
436
413
434
416
416
419
416
410
407
410
425
419
419
422
422
425
419
422
431
419
428
404
407
502
449
413
419
416
425
419
413
407
416
404
448
437
431
437
440
404
419
413
425
419
413
421
413
416
431
401
407
416
399
422
424
422
413
428
419
422
431
425
431
422
428
422
416
408
422
425
422
419
407
422
416
399
455
407
419
416
407
398
413
413
432
405
410
410
422
413
407
398
407
425
407
422
422
410
401
413
420
416
401
401
467
431
425
419
407
422
427
422
431
422
431
416
419
407
422
407
443
404
416
422
407
407
407
411
431
413
403
410
407
425
413
413
419
416
481
401
449
437
425
439
425
422
428
425
434
422
428
422
425
422
454
410
416
422
399
425
413
410
404
413
442
410
404
416
413
416
401
400
439
413
469
407
468
416
408
410
407
408
410
416
407
407
401
416
419
416
422
416
413
428
413
422
431
404
413
410
407
411
413
413
407
416
407
401
411
401
413
408
405
416
398
404
410
386
416
400
404
422
410
422
422
422
428
428
452
413
407
419
487
419
410
431
434
431
434
402
461
410
422
419
416
422
419
402
419
401
401
402
401
403
407
419
422
425
416
419
407
407
413
425
410
419
413
407
416
410
431
425
422
416
428
416
407
425
402
416
404
416
437
407
404
405
398
410
404
416
422
419
397
422
455
402
425
422
422
419
457
425
422
691
431
425
422
436
422
419
436
422
419
422
425
422
425
425
413
401
416
407
413
407
481
410
407
419
448
422
407
419
416
419
407
419
1266
413
413
419
416
413
425
407
422
401
410
419
428
422
431
416
416
425
407
422
404
407
416
413
407
416
407
422
425
410
419
422
422
431
425
425
404
425
425
416
428
422
410
419
404
410
500
413
410
422
406
401
404
416
411
422
425
466
457
425
473
431
445
425
428
425
546
422
425
419
437
425
422
425
431
425
422
419
431
413
419
425
413
428
408
413
