268
268
266
268
266
266
266
266
262
264
268
264
268
258
246
242
244
256
242
252
348
278
264
294
248
260
264
264
362
266
264
248
244
244
266
266
266
268
486
264
242
268
266
282
268
268
266
266
240
266
264
266
266
604
268
244
252
254
242
266
246
244
242
244
266
246
268
266
1134
266
266
244
270
268
264
270
264
266
270
266
268
268
266
272
266
268
264
266
264
270
266
264
266
268
266
268
266
266
268
268
266
268
264
266
266
266
264
266
266
266
268
266
268
266
266
268
264
266
268
268
266
266
264
268
264
266
264
268
268
264
264
268
268
268
266
268
262
266
266
266
268
270
264
266
264
262
268
264
264
264
266
264
264
266
358
264
262
264
262
266
244
242
258
268
262
266
266
270
266
672
266
266
264
266
1486
268
268
266
268
266
264
270
266
264
264
268
268
268
268
266
262
268
264
270
270
266
268
266
268
248
266
266
244
272
340
264
266
270
262
240
266
266
268
246
264
256
270
268
268
266
270
264
268
268
272
264
266
268
266
266
264
264
268
268
268
268
268
266
270
266
268
266
264
266
266
264
268
270
266
270
270
268
268
262
268
270
264
266
268
268
266
264
266
264
266
266
268
262
268
266
262
264
266
266
266
494
266
266
264
264
738
264
268
264
266
1056
268
266
270
264
1278
264
264
266
266
266
264
266
268
264
268
262
264
264
268
268
266
266
268
264
264
264
266
264
266
264
268
268
268
264
268
266
266
262
266
264
272
264
266
268
266
268
268
266
268
264
266
268
264
266
264
264
264
266
266
238
266
266
266
264
264
268
266
266
266
264
268
272
268
268
268
266
268
264
266
268
266
266
268
266
266
266
268
264
268
266
266
264
270
266
266
262
268
266
264
270
340
268
266
270
264
532
270
266
266
270
688
268
266
264
268
930
266
266
268
266
1250
266
266
270
268
1400
264
266
262
264
264
266
262
268
264
262
266
268
266
264
268
268
266
268
266
268
266
268
264
268
264
266
266
266
266
264
268
268
262
266
266
266
266
268
264
266
266
268
268
268
266
264
262
264
266
264
266
268
264
266
266
268
262
264
264
266
266
266
266
242
264
364
264
270
260
244
268
268
268
264
268
268
264
266
266
264
266
244
266
266
264
266
264
266
268
264
330
264
266
266
264
266
264
266
266
268
434
268
264
266
260
788
264
266
262
264
1166
266
266
266
264
1078
266
266
264
268
1408
266
268
268
268
264
264
266
270
262
266
268
268
264
262
268
266
268
264
266
264
266
266
262
266
268
266
266
268
266
264
266
268
268
266
268
268
268
268
266
268
268
268
268
266
264
266
264
266
264
266
264
260
268
264
266
266
264
268
262
268
268
266
266
266
268
268
268
266
268
266
266
266
264
266
264
264
266
270
268
266
266
264
264
264
268
354
266
266
264
264
266
264
262
262
264
466
268
266
266
266
716
264
264
266
266
856
270
264
266
268
1282
266
268
266
266
1524
268
268
264
266
268
268
268
266
264
266
264
266
268
266
266
264
262
264
264
266
264
266
264
264
264
266
264
268
262
268
262
266
264
266
270
268
262
266
264
268
264
266
266
264
264
266
264
266
264
266
262
268
266
266
272
266
264
266
268
266
266
268
268
264
262
266
266
266
266
266
264
264
266
264
270
264
266
262
264
262
264
264
264
266
264
266
268
266
264
268
264
264
266
266
266
268
264
264
266
268
262
266
266
266
266
638
270
268
268
268
818
268
268
266
268
1048
264
266
264
266
1278
266
264
268
264
1186
270
268
266
268
270
268
266
268
266
268
266
268
264
268
266
264
266
268
266
264
262
268
268
264
268
268
270
264
268
266
268
268
266
266
268
268
266
262
266
262
268
264
264
262
268
270
266
262
262
268
266
266
268
264
270
268
268
266
264
262
268
264
266
264
266
264
266
264
266
268
266
268
268
268
266
264
264
266
266
268
266
270
266
262
268
266
266
266
268
264
404
262
268
262
266
776
266
268
264
268
850
262
266
264
266
1062
266
266
268
266
1096
266
264
262
266
1528
268
264
270
266
268
268
268
264
266
266
268
268
266
268
266
262
264
270
266
264
266
264
266
266
270
262
266
270
266
268
268
266
268
264
268
264
264
266
264
268
266
264
268
264
266
264
264
264
266
264
266
268
270
268
264
266
266
266
268
264
266
266
264
268
266
264
266
266
264
264
268
262
264
270
264
266
264
264
264
262
268
264
268
264
266
266
266
262
270
266
264
266
268
268
268
266
266
268
264
268
264
268
260
270
266
758
268
264
266
268
1020
264
264
266
264
264
264
270
264
268
268
266
266
268
266
266
264
266
264
266
268
266
268
266
264
266
266
270
266
266
264
268
270
266
268
270
264
262
268
266
268
266
266
266
268
266
266
266
266
266
268
266
262
264
264
268
262
268
268
266
270
266
266
270
268
268
264
264
266
268
264
264
266
262
266
266
268
268
266
266
266
266
266
270
264
268
270
266
262
266
268
266
264
268
262
268
262
266
264
268
260
272
262
268
268
264
374
264
266
264
264
630
266
268
270
264
684
264
268
264
262
1024
266
268
266
264
1166
266
242
264
266
266
264
262
268
264
266
264
266
264
268
266
264
266
266
264
264
264
264
264
264
266
268
268
266
266
260
266
266
268
270
268
264
264
264
266
266
264
266
268
266
270
268
268
266
264
270
264
264
268
266
266
264
268
266
264
268
266
264
262
266
266
268
264
262
268
268
268
268
266
270
266
266
264
268
268
266
270
268
264
268
266
268
262
266
266
266
266
264
268
266
266
370
262
268
264
266
386
266
266
266
264
600
266
266
264
266
520
266
264
268
266
982
266
268
266
268
1416
264
264
268
266
268
264
268
264
266
266
266
264
264
264
268
264
264
270
264
266
264
268
266
262
264
264
264
264
264
266
266
268
266
262
266
266
266
268
266
266
266
264
266
266
266
266
270
264
262
264
264
270
266
268
264
262
266
262
264
262
266
264
266
266
268
264
262
262
266
268
264
266
268
266
268
266
264
266
264
266
264
264
268
264
270
268
266
264
266
266
266
264
266
268
266
270
264
266
266
270
490
268
262
266
268
686
262
264
266
264
894
266
264
266
266
1224
268
242
260
262
1490
264
264
268
266
268
266
262
268
264
268
264
268
268
262
266
266
262
266
266
262
268
262
268
266
266
266
268
270
268
264
264
262
268
266
266
268
266
266
264
264
262
264
266
264
266
264
268
268
266
266
266
262
266
262
264
266
266
266
266
268
268
266
266
268
266
264
264
268
266
266
266
268
266
264
266
264
264
266
266
264
266
264
264
268
266
266
270
268
268
266
264
266
268
266
268
520
268
266
264
268
552
266
270
262
266
682
270
264
266
264
1042
262
266
264
266
1452
266
262
266
264
1444
264
268
262
266
262
266
262
266
264
266
268
268
266
268
268
262
266
266
266
264
266
266
264
268
266
266
268
266
264
268
264
270
266
266
264
268
262
264
262
266
266
268
266
266
264
266
266
266
262
266
266
268
264
266
264
268
268
262
266
262
264
264
264
268
266
264
266
268
264
266
262
262
266
266
268
266
266
264
264
264
266
266
266
266
266
266
266
264
266
264
264
266
266
266
266
360
266
266
268
268
310
266
264
268
266
1048
264
266
268
270
1284
264
264
264
266
1344
264
262
266
262
266
264
266
262
262
270
270
264
268
266
266
262
264
266
264
264
266
264
266
266
266
266
266
264
266
268
268
262
264
268
264
266
266
264
266
266
270
270
268
264
266
264
264
266
266
268
266
270
264
262
268
264
268
262
268
266
264
268
268
268
266
266
268
266
264
264
266
264
266
266
268
264
264
266
268
262
266
264
264
262
264
266
268
264
268
264
268
264
262
262
266
296
268
264
264
266
402
262
266
266
266
892
266
264
268
264
1112
264
266
266
266
1162
264
264
268
266
1406
264
266
266
268
1520
268
266
268
264
268
266
268
264
264
264
264
264
266
266
266
268
264
266
268
268
264
266
266
264
266
266
266
264
260
266
262
264
262
268
266
264
268
264
266
262
266
266
268
266
268
266
266
266
264
268
264
268
266
264
266
264
264
268
264
266
262
264
262
266
268
264
264
266
264
266
266
264
266
264
264
268
264
268
266
264
264
266
264
266
264
264
264
264
264
266
438
266
262
264
264
466
264
268
268
266
814
266
264
264
268
1124
264
266
266
264
1254
268
264
266
266
1534
262
266
264
266
264
268
264
264
264
262
266
266
262
266
264
268
264
266
264
268
264
262
262
266
264
266
266
268
268
266
270
266
266
264
262
266
264
268
262
266
264
266
268
266
266
262
264
266
268
262
264
268
264
264
264
268
268
266
262
266
266
266
264
264
262
264
264
264
268
268
268
268
266
264
268
266
268
264
264
268
264
262
266
266
266
264
268
262
264
262
264
262
268
260
266
352
268
268
268
266
718
266
264
264
264
812
264
268
268
266
1176
264
266
266
266
1526
266
266
266
266
268
266
268
268
266
262
264
266
264
266
268
264
266
266
264
268
266
266
266
266
1350
262
266
264
266
266
266
262
268
264
268
268
262
264
264
264
266
268
266
264
266
266
264
266
266
270
264
264
268
264
264
268
262
262
266
266
266
266
266
262
264
266
268
264
268
266
268
268
264
264
266
266
266
264
268
266
264
264
264
268
264
264
264
264
264
266
268
264
266
266
264
268
266
264
266
266
400
268
268
266
268
638
266
266
264
264
788
264
268
266
266
1176
268
264
268
268
1528
260
266
268
264
264
268
268
266
266
266
266
268
266
266
264
264
264
266
262
264
266
264
264
268
266
266
262
266
262
266
266
268
266
264
266
272
266
270
264
264
262
264
268
266
264
268
266
266
268
264
264
268
268
266
266
266
268
264
264
264
266
262
266
266
260
266
266
266
264
268
262
264
266
266
266
266
264
264
268
266
266
268
268
262
266
266
266
268
266
262
268
266
266
262
270
288
268
268
264
264
444
264
268
266
266
704
268
264
264
266
890
264
266
266
266
1110
262
264
268
266
1530
268
264
262
266
264
264
264
268
266
268
264
266
268
264
266
264
264
266
264
264
264
268
266
268
266
264
270
264
266
266
264
268
268
268
270
268
264
268
264
266
266
264
268
266
262
266
266
268
268
270
264
268
264
262
270
264
264
268
268
266
262
266
266
270
264
264
262
264
264
266
266
264
264
264
266
266
266
268
264
264
266
266
264
266
260
266
264
266
266
268
262
268
264
268
268
352
266
266
266
266
660
266
266
266
266
774
266
262
268
266
920
270
268
264
266
1160
264
266
266
262
1530
262
260
268
264
262
268
264
266
264
264
266
268
266
262
266
266
266
264
266
266
266
268
272
266
266
268
266
268
266
266
266
264
268
268
266
270
264
266
264
264
262
262
266
268
266
266
266
266
266
266
264
266
264
264
266
266
268
266
264
268
266
266
262
266
260
264
262
266
264
268
266
268
266
264
264
268
264
268
266
270
264
266
262
264
268
266
268
264
262
266
354
268
268
264
268
304
264
264
268
266
564
266
264
268
266
952
264
264
264
266
918
268
266
264
260
1480
266
266
264
266
262
266
266
268
266
994
264
268
268
266
262
266
266
268
266
262
266
268
268
264
262
266
266
264
264
264
264
266
266
268
266
266
264
266
262
266
266
266
264
264
268
266
264
264
266
264
268
266
264
264
264
264
266
264
264
266
268
266
268
266
268
266
264
268
266
264
266
266
268
266
266
266
266
264
262
262
266
268
266
266
266
266
264
266
266
264
268
266
266
266
266
268
268
264
262
266
370
262
266
266
266
268
266
266
266
266
780
264
270
268
264
1444
266
266
268
266
1520
264
264
266
262
268
264
266
266
270
266
266
264
266
264
266
264
264
268
266
266
272
266
268
266
262
264
262
268
264
266
262
266
268
266
262
270
264
266
266
266
266
268
266
266
262
268
266
264
264
266
266
266
264
264
268
268
268
264
264
268
262
264
266
266
264
266
266
266
268
264
266
264
262
266
262
264
264
268
262
270
266
266
264
264
266
266
264
268
266
264
258
266
264
264
268
452
270
266
262
268
470
266
264
268
264
890
264
266
266
268
1266
264
266
264
264
1290
264
266
270
266
1460
262
268
266
266
268
264
268
260
268
264
268
266
266
268
266
268
270
264
270
264
264
268
262
264
268
266
264
262
266
260
266
268
264
268
266
264
264
264
266
264
262
266
264
266
266
264
268
268
266
268
266
266
266
264
264
264
266
264
262
264
266
266
262
266
266
264
264
268
264
264
268
266
266
264
262
264
266
264
266
266
266
264
266
268
264
266
268
270
262
264
286
266
260
266
264
398
268
266
266
264
740
260
264
262
260
1016
266
266
266
266
1312
270
266
264
266
1326
268
264
262
266
266
268
264
264
264
268
266
264
268
266
264
266
266
268
268
266
258
268
264
268
266
268
268
266
266
264
264
264
268
264
262
268
266
266
266
268
264
264
266
268
268
268
266
264
268
262
262
264
266
268
266
268
268
264
268
266
264
266
266
266
262
266
264
268
268
270
266
266
268
264
266
268
266
268
266
268
264
266
266
262
266
266
262
268
266
266
264
264
266
266
270
270
270
266
266
266
542
264
270
268
264
694
266
266
262
264
1068
266
268
266
266
1212
268
268
262
266
266
264
268
266
262
266
264
266
268
262
266
264
264
266
266
264
264
266
268
268
262
264
268
266
268
266
264
262
268
268
264
268
270
262
266
264
268
264
268
270
266
262
266
268
266
268
268
266
266
266
264
264
268
266
266
266
264
264
262
266
270
266
266
266
264
262
268
262
264
264
266
268
270
268
266
264
268
262
270
262
268
264
266
264
266
266
266
266
268
262
264
268
268
264
266
270
342
266
266
266
266
602
264
264
268
262
806
264
264
264
264
876
266
266
266
266
1116
264
266
264
268
1346
264
266
268
264
268
264
264
270
270
266
270
262
266
266
544
264
266
266
266
268
264
268
268
266
264
266
264
266
262
266
266
264
264
268
268
268
268
266
266
264
264
264
266
262
270
262
266
266
268
264
270
262
268
266
270
266
266
270
266
266
266
268
264
266
266
268
266
262
266
266
264
266
266
268
270
266
266
264
268
268
268
264
266
264
264
262
266
264
268
268
266
268
262
266
266
268
268
262
264
266
606
264
266
262
266
724
266
268
266
268
1048
268
262
270
268
1124
266
266
266
260
1484
266
268
264
264
268
268
268
262
268
268
268
264
266
262
262
264
266
266
266
270
266
268
268
264
266
262
270
260
264
262
268
264
268
266
264
264
266
270
268
262
266
266
266
264
264
264
266
268
264
262
264
262
266
264
266
266
266
268
264
264
266
266
268
266
266
266
266
268
264
268
268
270
264
268
266
266
266
266
262
266
262
270
264
264
266
266
268
264
270
262
284
266
266
266
262
270
266
262
266
268
812
262
264
266
268
978
268
264
264
264
1088
268
264
268
266
1366
262
268
266
264
1488
262
270
266
266
268
266
262
270
262
266
268
264
264
266
268
268
266
266
268
266
264
266
264
266
264
266
268
266
270
266
260
264
266
264
266
264
266
266
266
264
268
260
264
264
266
266
264
268
260
264
266
268
268
264
268
266
262
262
264
264
266
266
266
268
266
266
268
262
266
264
266
264
268
266
268
266
266
260
264
268
266
264
268
266
268
280
266
268
268
264
454
262
268
268
264
724
268
264
268
266
630
262
272
262
264
1046
268
266
264
266
1228
266
266
268
266
1530
268
264
268
266
1454
266
268
262
266
264
266
268
264
266
268
264
268
268
266
266
266
264
268
270
268
266
268
270
268
264
264
262
266
268
266
268
268
266
268
266
266
270
266
268
266
264
266
264
264
266
266
262
272
262
266
264
268
268
268
266
266
268
268
266
266
264
264
264
264
268
264
268
266
266
268
266
268
264
266
264
264
268
262
268
264
270
266
266
266
266
264
266
266
266
266
452
266
268
266
266
532
264
266
264
266
848
266
266
266
266
1036
266
266
264
264
1316
266
266
264
268
266
268
266
264
270
272
268
266
264
264
270
264
270
262
268
264
266
260
264
264
240
314
264
268
264
264
266
266
268
264
264
264
268
266
264
262
266
264
268
266
268
268
266
270
268
270
268
268
264
262
262
264
262
266
266
268
266
264
268
268
262
266
266
264
268
266
264
264
262
268
266
268
264
266
266
266
268
264
266
266
264
270
264
266
262
270
264
268
264
264
264
266
266
268
264
264
538
264
270
268
264
628
268
268
264
268
822
266
264
266
262
1214
266
264
264
266
1154
266
264
268
266
268
264
266
266
268
266
266
266
268
266
264
264
264
264
268
264
268
268
266
266
266
264
262
270
268
266
268
266
270
266
264
262
268
268
264
266
266
268
266
268
264
264
268
268
266
266
264
266
266
264
266
268
262
266
268
268
268
264
268
264
266
270
264
268
266
268
266
264
266
268
264
264
266
268
268
268
264
266
268
266
266
262
272
264
268
268
264
266
264
266
262
266
268
266
262
266
624
270
266
264
264
730
266
266
266
264
1020
264
266
264
266
1342
264
268
264
266
262
268
268
268
266
266
270
264
266
266
266
266
266
266
264
270
262
268
268
268
266
270
266
268
268
266
262
268
264
268
266
266
264
266
264
266
264
268
264
266
264
270
264
266
262
264
270
268
270
262
268
266
262
266
264
266
268
266
266
266
266
266
264
264
264
266
270
264
268
268
262
266
266
268
264
264
264
266
266
268
266
268
264
264
264
266
266
268
270
264
260
266
266
266
266
264
266
266
270
266
264
418
266
266
266
266
714
264
266
264
266
1398
266
266
266
268
1166
268
262
266
266
1432
266
264
264
264
1540
266
264
268
262
264
264
268
264
266
264
268
266
264
266
264
268
266
266
262
268
266
268
264
262
266
266
266
268
266
264
262
268
262
266
264
264
268
264
264
266
262
266
266
268
268
262
266
268
272
268
264
266
264
266
264
264
262
270
266
264
266
264
262
266
268
266
266
266
262
268
264
266
266
268
264
268
266
264
264
266
262
266
266
268
266
268
266
268
266
268
264
268
264
266
264
586
264
268
266
266
830
270
262
266
266
992
266
268
268
266
262
266
266
266
268
1524
270
268
268
266
266
266
266
266
268
266
264
264
264
266
268
266
266
266
262
264
270
268
266
266
266
266
264
266
270
266
266
264
264
266
266
266
268
266
260
266
264
268
268
266
268
264
264
268
266
266
268
266
264
266
266
268
266
268
266
266
268
268
268
266
266
266
268
268
264
266
266
264
264
264
264
268
264
268
264
264
266
266
268
264
268
266
264
264
264
266
264
266
266
266
266
456
264
266
264
266
516
264
262
266
264
826
268
264
266
268
920
268
264
264
268
1244
268
260
266
270
1462
268
270
266
264
266
266
264
266
266
268
266
262
268
264
262
266
262
264
266
266
266
266
268
268
266
268
266
266
268
266
264
266
266
264
266
266
268
266
264
268
264
264
264
268
268
268
268
268
262
268
268
264
266
264
262
266
264
266
270
266
264
266
268
266
264
266
272
266
264
270
262
264
264
268
266
266
266
270
262
266
264
266
266
268
266
268
264
268
264
266
436
268
264
264
262
876
266
266
266
266
884
266
266
266
268
1124
270
264
264
266
1112
264
262
266
268
1408
264
264
264
264
262
264
264
264
264
266
266
264
268
266
264
266
264
268
264
266
264
264
266
264
268
264
264
266
266
268
268
268
264
264
264
264
266
266
270
266
270
262
266
264
270
266
266
266
264
264
266
262
268
264
262
268
266
264
268
264
264
264
268
264
266
266
266
264
268
266
268
266
266
266
266
266
268
264
270
268
262
266
268
266
266
264
268
268
268
266
268
266
264
266
266
870
268
264
266
264
470
270
268
266
266
962
268
262
266
266
966
268
264
266
268
1188
266
268
268
266
1378
268
266
264
268
268
264
262
266
266
266
264
266
266
268
266
262
268
266
266
268
268
266
266
266
266
268
266
268
264
266
262
268
264
264
268
266
264
268
264
246
244
266
268
264
262
268
264
266
266
268
264
268
264
264
266
266
266
268
262
266
264
266
264
264
266
266
268
268
262
268
266
266
262
268
270
268
266
264
264
268
266
268
266
264
268
266
268
266
266
264
266
264
268
268
266
266
266
266
266
264
930
266
268
266
266
730
262
264
266
264
638
268
266
264
262
1214
262
266
270
266
1386
266
264
268
266
268
268
268
264
264
266
268
270
266
268
264
268
268
270
266
242
264
264
266
270
268
266
268
264
270
264
266
264
262
240
264
266
270
268
264
268
266
264
262
264
266
266
268
266
266
264
268
264
264
264
264
268
264
270
264
268
264
266
268
264
264
268
264
266
266
264
268
264
266
266
264
268
266
268
264
264
268
268
264
268
266
266
264
268
268
264
266
266
266
264
266
274
266
264
266
266
602
270
268
264
266
1216
268
264
266
264
1038
266
264
270
266
264
266
264
264
264
268
264
266
268
264
266
264
266
264
266
264
266
264
264
266
264
266
266
266
266
262
266
268
264
262
268
262
264
266
268
268
264
266
264
264
266
268
268
264
266
266
268
264
266
264
264
270
266
266
264
268
268
264
268
266
268
266
266
264
268
270
270
266
266
264
264
262
268
268
268
268
268
266
268
266
268
268
264
266
264
266
266
266
266
266
264
266
262
264
266
266
458
262
266
266
266
672
268
264
268
268
1096
264
268
266
262
878
266
268
266
268
1344
266
266
266
262
1456
268
266
264
264
264
266
260
266
268
264
268
264
266
266
266
264
264
266
268
270
266
268
266
268
264
268
268
264
262
268
262
264
264
264
264
268
268
266
262
266
268
266
266
264
264
266
270
264
262
266
266
266
262
266
268
268
268
266
266
266
268
268
268
264
266
264
268
266
268
266
264
266
264
264
268
268
264
270
264
266
264
266
268
266
260
266
266
266
266
264
264
270
268
268
264
342
266
266
264
264
920
264
266
262
264
734
260
266
268
266
1226
264
268
268
266
1474
266
264
264
270
1420
266
262
266
266
266
266
268
268
268
264
264
264
268
266
266
266
262
264
266
266
266
264
266
266
268
266
268
266
266
266
266
266
266
260
266
266
264
262
266
266
268
266
266
264
268
264
262
264
270
264
266
264
266
266
264
266
268
268
262
266
264
266
270
268
262
264
262
266
268
264
264
266
266
266
262
266
266
268
264
268
268
268
266
266
266
266
268
266
264
266
264
264
264
266
266
314
266
266
266
266
582
268
264
272
262
1236
266
266
264
266
1192
266
266
266
262
1536
264
268
266
266
266
268
266
264
266
268
266
268
266
264
268
270
266
266
268
268
264
266
268
268
266
264
268
268
264
266
268
266
268
270
268
266
264
266
264
268
262
264
266
266
264
