480
514
460
470
450
472
814
476
494
456
456
456
464
468
456
466
806
518
460
460
446
456
456
460
450
480
702
456
450
470
456
460
458
460
452
456
452
460
456
460
452
466
516
476
466
468
484
466
454
460
460
472
466
454
464
460
1258
462
456
456
454
968
464
456
456
456
456
456
472
460
460
464
448
462
452
468
468
468
456
470
456
462
456
456
480
462
474
476
448
478
456
1298
456
468
596
456
458
472
460
462
460
458
456
460
456
458
468
474
470
456
456
464
1534
456
460
456
468
456
460
460
460
1102
460
472
468
488
460
460
458
476
460
508
506
476
450
476
854
458
460
464
468
456
472
502
452
480
448
472
460
458
488
460
746
464
518
480
458
460
452
458
454
524
464
460
510
470
528
520
450
460
464
1340
472
468
470
472
456
466
486
478
466
1416
454
510
472
458
1350
520
500
464
448
1186
480
456
516
512
474
460
448
456
456
474
1458
466
468
458
1106
466
454
456
460
1042
476
518
466
458
536
510
486
524
508
460
454
516
464
456
1244
520
450
458
456
476
478
488
516
468
468
480
470
484
456
536
526
520
496
512
552
464
450
478
454
476
1024
462
460
692
478
460
456
456
462
1262
482
472
464
458
468
460
500
460
456
1034
526
504
456
456
1544
458
456
476
462
454
456
458
458
454
462
468
456
468
508
464
450
550
500
456
466
456
460
460
450
464
450
598
454
456
960
570
472
456
478
512
486
456
502
456
824
466
474
456
456
504
472
596
466
464
460
456
500
464
472
464
502
454
476
458
452
544
460
456
454
468
456
464
510
462
468
460
460
460
452
464
582
458
456
566
492
468
466
456
468
456
460
460
456
456
464
474
460
476
456
478
472
464
450
468
458
504
448
464
456
456
456
464
564
546
528
472
448
460
456
466
472
560
460
464
464
460
472
470
460
1164
456
456
472
460
462
464
448
456
504
466
460
514
460
478
1434
464
464
456
458
838
464
508
464
460
504
460
450
460
454
512
504
456
452
456
452
464
488
460
464
464
500
456
452
462
468
604
448
588
456
478
448
456
510
460
1258
464
448
458
450
458
480
468
480
468
460
476
462
462
506
512
456
456
460
460
856
460
454
482
464
592
456
486
478
456
464
516
456
536
504
458
460
472
448
508
1232
482
456
456
456
460
502
456
456
458
456
468
456
460
474
474
448
464
552
520
560
472
456
464
456
464
458
456
460
462
1108
536
452
456
462
508
448
456
450
454
1370
460
502
464
492
454
460
460
456
530
452
488
500
504
460
458
502
462
460
460
450
456
456
460
548
476
450
468
698
472
914
464
454
458
460
944
458
462
472
468
472
516
488
512
472
464
472
510
460
482
472
484
472
472
468
564
458
474
458
718
454
670
502
464
452
480
460
592
530
536
554
466
520
464
474
532
460
468
484
482
656
460
460
474
480
464
454
458
478
470
458
460
456
468
468
512
460
478
456
464
504
524
458
510
456
470
500
486
456
464
508
478
462
480
564
468
456
458
472
462
456
536
452
464
462
460
456
562
460
464
456
466
582
474
466
460
504
462
460
466
452
464
456
464
476
470
456
488
498
464
502
516
464
484
460
460
456
578
518
470
1422
520
460
468
480
468
502
472
458
482
456
536
468
466
460
480
454
464
460
470
474
524
478
464
456
906
500
482
468
476
458
462
460
520
452
516
460
464
452
532
458
464
566
458
456
468
506
464
452
462
770
464
474
468
462
458
460
468
490
472
508
480
462
620
456
464
464
512
462
572
456
586
524
466
456
464
500
470
462
460
508
464
456
462
506
484
462
480
462
476
472
476
470
464
478
1446
500
578
570
476
472
502
522
514
478
464
460
472
484
464
460
460
460
484
454
468
458
462
506
476
460
484
458
472
470
516
464
464
472
556
504
464
460
462
458
476
460
510
500
464
456
472
460
468
528
468
478
464
512
516
476
480
480
480
470
464
460
514
462
472
456
512
460
478
466
466
460
464
458
458
458
464
456
474
480
1390
468
464
508
466
452
476
452
482
512
476
484
466
480
474
550
520
590
464
512
472
524
460
468
470
458
466
472
464
456
508
456
462
470
464
464
464
462
460
468
460
456
470
460
458
476
466
456
464
508
464
452
464
476
464
452
478
464
458
464
510
456
484
458
466
456
484
464
510
456
506
504
510
486
474
1156
510
460
464
454
476
456
466
458
480
460
510
508
514
456
510
458
534
472
480
1414
586
514
468
508
460
456
522
470
460
456
462
468
468
454
458
476
482
486
524
480
464
462
506
476
476
462
530
472
510
1244
482
562
486
470
472
470
476
462
464
462
478
468
478
482
476
486
470
462
464
458
464
462
480
458
464
462
478
462
464
472
468
466
544
476
486
470
476
514
464
462
492
464
522
526
460
482
480
460
600
476
464
478
464
482
476
474
464
464
480
462
472
464
464
468
482
508
460
468
460
458
464
478
468
456
476
500
464
458
484
460
508
456
464
460
468
456
480
456
484
504
468
454
464
460
458
458
464
456
512
458
468
556
458
476
460
450
470
468
464
510
518
476
460
452
460
456
468
520
478
566
466
456
462
462
526
458
460
458
464
456
488
454
474
460
466
458
464
458
464
452
460
476
462
456
480
468
464
460
464
456
476
454
458
454
460
464
480
456
464
468
470
494
504
466
476
468
480
450
476
454
486
452
474
458
476
476
492
472
494
472
470
460
464
458
468
452
458
474
464
456
468
458
464
458
458
456
478
478
498
466
476
464
476
476
476
476
472
468
478
486
468
460
468
460
464
456
464
456
506
458
458
456
464
464
464
464
480
474
476
468
524
470
476
468
500
484
472
472
488
476
476
468
464
462
1086
468
476
482
464
462
460
456
460
500
462
476
458
464
464
456
464
462
478
464
470
470
466
466
468
486
468
462
468
462
468
466
486
462
468
486
472
458
468
456
464
476
466
456
484
468
458
456
464
460
472
456
472
456
470
462
478
464
466
460
458
456
528
486
464
472
462
460
460
454
470
452
464
456
474
456
476
470
460
472
458
452
476
456
476
452
462
464
458
466
480
468
464
454
464
456
472
464
474
460
464
476
478
454
472
506
464
462
458
470
464
456
466
456
464
484
460
456
462
464
464
456
492
456
458
480
468
462
480
458
476
454
462
456
460
454
526
484
468
460
466
464
464
468
460
464
458
458
460
480
472
460
464
456
462
478
466
458
468
462
464
456
468
460
474
456
464
452
460
456
466
456
464
458
462
476
464
476
464
456
482
454
468
454
464
454
466
460
470
462
482
466
464
464
480
478
476
478
478
456
462
454
458
478
488
452
468
472
468
470
464
458
464
464
458
458
464
458
510
458
464
454
460
460
464
470
676
454
464
458
464
456
464
454
474
1370
464
464
464
464
1552
452
600
464
484
470
464
488
464
474
478
472
468
452
466
458
468
472
484
460
464
462
458
466
464
460
484
452
480
460
464
464
462
476
466
474
470
460
464
460
468
464
472
460
480
460
472
456
488
464
480
464
462
464
464
460
458
456
474
460
466
456
466
474
458
1132
488
464
458
464
462
452
464
454
498
452
478
474
464
452
458
458
478
452
464
456
464
544
460
500
460
456
464
490
474
456
464
460
464
460
464
468
478
508
478
472
464
468
476
458
466
454
460
454
464
466
468
460
468
460
478
464
458
470
460
472
466
468
488
464
464
472
480
452
468
638
476
456
468
480
460
458
462
488
480
460
482
456
468
472
468
458
464
458
460
452
466
460
482
458
462
460
480
472
470
466
468
462
464
460
498
460
464
460
464
464
468
478
472
454
472
452
486
464
472
458
464
452
464
452
468
458
464
460
470
456
466
464
458
462
478
452
482
458
474
456
464
466
464
456
460
466
464
462
464
456
468
454
466
452
464
456
466
464
474
470
472
462
464
480
470
452
468
462
464
452
460
460
464
470
464
458
464
462
464
482
470
468
472
468
466
456
462
460
464
462
468
460
464
458
460
472
468
462
464
456
464
460
482
468
468
462
460
532
480
460
478
476
466
476
474
480
472
460
472
454
478
466
474
458
464
454
488
456
466
472
484
456
464
470
540
464
462
470
464
464
464
464
476
458
854
582
460
458
468
492
468
458
460
456
468
474
472
472
464
1370
472
460
462
460
460
456
462
472
476
458
468
478
464
474
472
458
464
470
464
452
480
464
466
484
468
460
466
476
468
478
468
474
468
456
464
452
464
456
464
456
472
458
478
452
476
472
472
458
488
454
470
456
476
456
466
456
468
460
468
468
468
476
466
462
466
456
472
576
460
460
464
460
482
456
478
486
466
460
468
460
464
458
468
464
460
464
458
458
466
456
464
452
468
456
480
464
480
460
486
472
464
458
468
476
462
454
464
458
460
458
464
476
486
464
470
464
464
476
468
458
482
460
468
460
468
456
460
460
464
468
462
460
460
462
464
462
468
472
464
462
464
462
460
456
468
456
460
468
464
468
464
452
462
458
464
466
466
452
464
476
464
486
458
458
458
460
462
458
466
460
464
462
460
456
464
462
484
472
466
456
474
452
506
480
468
456
464
456
464
456
464
462
470
458
458
464
472
458
486
462
466
460
488
456
466
476
466
458
472
468
466
456
468
460
464
452
464
452
480
462
482
452
464
464
458
452
462
460
468
468
480
476
464
454
468
456
466
458
488
468
464
460
464
460
464
482
472
456
474
494
464
458
464
476
480
462
466
480
464
460
458
462
464
460
464
456
484
636
472
462
460
456
464
458
698
464
464
468
468
454
462
458
468
456
478
452
458
458
468
1064
464
452
472
464
470
454
464
464
460
468
462
456
480
454
458
456
460
474
464
566
464
454
464
472
480
472
464
460
470
458
462
468
464
456
1374
464
480
462
472
456
464
456
464
460
468
460
474
480
484
456
462
460
470
464
468
452
468
456
464
456
462
464
460
472
468
462
470
468
466
472
462
468
468
452
462
456
488
454
472
454
460
460
464
460
480
460
478
456
462
462
466
460
468
476
462
458
464
456
462
456
468
456
466
460
460
454
480
456
464
462
472
460
464
478
468
460
466
458
476
464
472
456
464
458
464
456
468
460
482
454
480
460
464
478
468
464
482
456
464
460
472
452
480
460
468
460
464
460
464
452
460
456
480
458
462
452
482
480
460
480
464
456
468
460
464
462
472
468
464
468
460
458
464
452
460
478
464
454
464
464
486
452
482
466
464
464
472
526
502
472
478
512
464
468
464
474
464
458
466
478
478
472
474
456
1370
498
490
460
490
482
1358
466
476
488
734
468
476
460
462
472
496
458
464
458
468
456
484
458
464
458
486
460
464
456
470
464
458
474
464
480
472
472
490
458
464
452
484
458
460
452
472
452
476
472
464
462
460
460
462
472
464
456
460
458
468
464
462
462
464
462
466
482
462
460
466
454
464
468
462
476
464
456
460
458
464
468
462
460
466
464
482
470
460
456
464
462
458
456
464
460
464
454
476
456
464
456
464
458
470
458
464
456
464
462
464
452
476
456
460
458
472
472
464
476
460
456
464
474
484
458
474
478
474
462
464
476
464
466
494
456
468
454
464
466
462
454
460
456
458
474
488
456
464
456
1262
458
458
466
466
460
470
456
470
462
480
458
472
470
470
458
464
474
480
452
468
460
464
480
458
466
478
464
468
454
482
478
464
462
468
482
476
456
460
472
466
452
468
460
464
464
464
464
484
460
482
498
484
456
462
460
464
456
462
472
820
454
462
464
512
452
460
480
464
474
458
458
462
462
468
456
464
460
466
458
470
468
460
460
462
456
462
456
470
460
464
460
464
472
484
468
464
466
464
476
474
474
472
458
462
454
894
472
466
464
468
462
464
464
460
462
468
460
472
458
476
456
484
454
470
480
464
452
462
460
470
456
458
460
466
456
462
460
470
460
468
500
468
462
464
456
468
474
462
528
464
458
484
460
468
456
464
468
464
460
1290
460
464
458
464
506
464
452
468
456
468
452
480
460
462
476
464
458
464
458
520
452
472
472
464
452
478
456
460
460
458
524
472
456
464
936
464
456
464
476
466
468
476
458
468
476
468
456
464
458
484
468
468
478
488
462
464
462
466
452
488
456
520
452
470
462
464
458
530
468
460
456
470
452
476
458
480
472
462
468
474
1172
486
466
482
468
498
480
578
490
488
470
472
470
710
476
464
524
480
476
468
452
470
456
478
492
462
452
464
452
658
528
498
460
512
454
464
456
464
460
512
464
514
456
464
458
464
468
464
456
468
470
526
470
464
1132
466
472
464
456
466
460
506
464
468
456
464
504
464
454
496
460
464
456
522
454
460
490
458
468
466
462
484
456
506
468
494
454
480
580
464
478
482
460
472
464
472
504
460
512
460
458
472
464
462
452
486
472
492
462
478
464
484
460
480
452
532
464
482
468
460
472
460
452
512
476
474
464
458
556
464
452
464
458
464
452
476
460
460
504
476
458
464
476
472
462
464
460
484
468
468
456
464
456
464
458
1164
476
460
468
480
456
522
454
472
456
468
520
508
476
464
460
460
478
464
460
534
458
468
452
464
478
464
468
460
460
462
476
464
456
1340
468
466
470
462
456
464
452
464
476
464
470
460
466
460
464
466
508
478
464
512
458
460
504
520
452
468
462
512
504
512
456
476
456
480
456
464
458
482
456
1418
478
492
468
520
454
484
456
464
462
472
504
480
478
470
452
508
456
462
468
464
500
480
458
476
456
460
460
574
504
640
590
464
456
484
482
472
468
468
472
464
466
466
460
472
478
478
468
470
456
470
460
486
502
464
464
492
478
468
460
464
460
532
460
462
452
462
514
464
456
1008
480
476
460
526
456
468
456
464
456
482
508
480
470
476
468
494
472
484
470
476
514
474
600
484
474
526
480
494
474
488
470
486
468
474
470
482
468
474
462
480
456
464
458
536
452
470
466
460
508
502
460
462
458
480
462
464
514
512
464
1360
464
472
466
466
468
472
464
464
468
468
452
468
464
482
460
480
474
512
512
466
460
458
470
480
456
458
478
466
466
488
458
464
456
466
456
468
456
484
458
474
468
462
458
478
462
464
522
464
462
614
506
472
460
458
452
472
456
460
508
466
462
516
462
472
516
484
520
464
456
460
456
466
456
464
482
460
488
470
464
468
468
460
456
468
524
464
464
468
456
460
532
472
456
464
476
466
472
480
506
470
456
472
464
474
456
460
460
476
466
470
456
464
456
466
476
570
456
464
452
462
456
464
460
458
498
472
478
462
482
464
458
512
456
516
456
464
474
468
474
476
460
472
494
516
522
464
462
462
462
468
468
462
452
464
458
480
504
458
454
528
544
464
456
512
1014
524
452
468
458
1150
480
520
458
466
478
538
454
508
460
510
462
464
456
466
1310
470
460
464
472
464
506
458
478
502
490
464
464
464
456
468
492
476
470
464
462
500
464
484
460
458
580
484
458
468
508
464
452
470
462
1352
552
462
456
464
460
464
454
512
482
464
474
464
456
468
460
482
472
466
486
458
456
464
476
458
478
464
458
464
462
508
456
466
486
512
990
476
478
472
490
640
474
472
486
540
470
486
466
476
470
482
486
500
470
488
520
476
490
484
478
1374
470
484
474
486
470
492
580
492
466
480
486
506
470
468
1342
466
460
532
462
476
482
492
474
478
482
484
498
480
470
590
468
482
468
476
476
524
468
464
454
464
454
520
454
480
456
460
452
464
466
1262
464
476
478
524
480
494
468
486
466
484
472
476
458
476
466
472
482
470
468
484
470
476
472
528
472
476
478
480
472
464
458
462
462
464
456
536
502
464
476
482
462
470
476
464
474
478
468
476
466
476
470
478
490
476
470
476
484
472
466
488
470
472
472
476
482
490
474
480
512
480
470
482
466
476
470
528
466
472
466
476
472
490
486
488
780
466
472
472
464
670
478
472
468
484
486
492
478
480
714
492
464
556
468
476
898
476
484
476
474
476
456
478
486
478
468
476
466
500
466
496
470
476
466
476
468
496
468
700
472
474
470
476
466
476
476
524
466
476
474
524
470
480
486
492
488
534
470
464
468
470
460
474
456
464
456
460
456
464
452
474
458
464
474
472
456
468
476
458
458
1230
456
510
454
468
450
468
464
464
456
478
456
462
484
460
460
462
456
480
524
458
452
464
452
464
456
472
460
464
456
464
454
468
470
472
452
468
460
462
456
480
456
464
470
464
458
464
462
468
452
508
464
466
450
470
460
468
454
482
454
472
456
460
476
464
580
464
462
526
452
484
460
478
456
494
460
476
462
464
456
464
456
464
456
464
460
464
456
482
452
476
454
464
452
464
454
464
456
468
462
478
468
488
466
464
466
462
454
462
454
464
468
458
456
460
458
462
456
468
458
468
462
458
460
464
484
474
452
464
460
490
456
464
470
458
474
462
456
464
454
458
452
480
472
468
472
468
460
480
460
464
460
490
468
474
452
464
468
466
456
1198
480
464
460
458
478
486
464
464
486
464
462
480
456
464
456
468
452
476
478
464
470
472
456
474
454
468
474
460
468
1092
460
458
462
480
1352
466
456
464
456
472
464
460
452
476
454
468
458
460
476
1144
466
482
468
474
474
502
464
466
474
478
468
464
468
464
474
472
470
472
472
462
456
464
462
472
456
462
472
464
456
464
464
476
460
460
456
474
482
508
452
1306
452
458
458
462
454
460
486
17878
462
1392
460
464
464
464
460
484
460
464
476
464
482
484
456
458
476
472
458
458
476
468
474
464
466
472
1306
480
460
464
456
468
460
468
452
458
464
484
466
462
452
466
476
460
460
462
452
480
468
468
452
464
462
472
472
460
460
464
462
466
456
464
460
462
454
480
460
464
454
464
456
464
496
484
456
462
462
464
492
484
452
458
456
488
468
462
462
464
452
472
470
464
520
470
460
458
458
458
460
478
504
462
472
460
460
464
458
466
462
478
456
464
476
480
456
460
464
472
468
482
454
460
456
504
460
464
484
488
480
464
470
464
458
490
460
464
458
508
460
468
456
460
466
460
452
472
474
476
454
460
458
462
472
468
454
468
468
464
464
484
458
464
464
478
476
460
456
458
494
464
458
480
456
464
454
464
458
464
468
468
456
458
458
458
460
460
458
464
460
478
462
464
456
460
464
472
476
480
474
462
458
464
486
460
454
476
464
464
456
462
464
464
460
462
456
472
456
464
456
484
458
742
464
460
452
472
466
512
466
480
464
476
454
464
482
476
478
478
472
478
464
460
460
458
484
468
498
492
470
470
488
460
460
468
456
484
466
464
452
458
454
464
452
460
456
460
456
464
454
468
454
472
456
508
458
462
468
480
464
464
462
470
460
470
454
464
826
464
456
458
464
464
456
506
468
480
462
472
452
472
456
464
456
464
462
464
470
486
456
470
468
480
466
464
454
480
452
466
456
464
466
468
452
484
456
464
454
464
454
468
452
464
464
468
456
460
1098
498
456
464
460
468
474
464
460
458
480
460
466
464
484
466
454
462
458
466
468
480
460
468
458
470
464
460
458
458
456
464
490
464
452
464
460
490
476
464
456
464
468
470
470
460
480
472
458
484
464
464
462
468
472
464
468
464
456
468
456
890
456
480
476
466
456
464
456
512
474
464
454
464
456
1174
462
468
456
464
470
462
462
464
456
1196
458
460
478
472
456
468
464
462
454
464
456
472
460
464
456
464
500
464
464
1408
524
522
472
458
460
462
484
464
460
476
456
470
460
458
458
476
468
470
460
464
456
480
460
462
456
482
464
460
456
470
464
470
464
462
476
458
464
468
456
480
456
464
470
482
458
470
480
472
456
1392
452
462
462
470
462
462
454
470
462
466
456
458
494
476
464
464
472
460
470
468
458
470
456
458
456
464
450
462
456
464
456
496
456
486
452
460
456
480
500
470
462
472
452
460
458
464
484
480
466
480
452
462
476
464
456
466
464
464
476
482
470
462
458
472
476
476
456
458
452
466
456
486
460
480
484
464
458
480
464
1246
468
484
476
464
470
470
452
464
468
486
460
478
508
472
456
474
462
468
476
474
464
458
456
464
464
468
456
462
456
476
456
470
460
464
464
464
458
464
462
468
454
458
472
458
478
460
454
464
466
460
460
464
462
464
478
472
452
468
478
470
486
458
456
460
456
466
452
462
464
468
474
464
460
484
456
462
464
464
452
1278
452
464
460
464
480
476
462
500
458
1376
466
478
462
458
460
472
484
476
478
464
480
464
452
460
454
478
460
476
456
468
454
464
454
468
1036
458
470
486
474
470
490
472
474
468
1462
468
456
516
464
466
480
472
466
474
468
470
472
490
466
464
470
460
476
476
478
482
464
472
458
478
456
460
468
468
456
486
458
462
464
464
456
464
460
464
452
482
458
484
476
472
456
464
464
460
460
534
464
460
468
470
452
460
452
464
468
464
460
464
460
472
460
464
460
462
460
464
460
464
468
460
458
480
452
464
456
472
456
468
472
464
462
488
462
472
464
468
460
478
472
768
468
480
456
468
482
468
456
462
462
464
468
464
464
468
542
472
470
480
460
462
460
466
468
468
458
468
468
466
460
468
470
468
464
476
456
466
468
472
458
464
480
464
458
478
452
484
460
480
458
464
456
462
470
470
474
474
462
460
468
482
472
460
452
476
456
484
466
470
460
468
476
470
468
484
456
472
454
464
468
460
456
458
478
468
480
464
456
466
464
460
480
468
464
468
458
482
456
468
454
464
468
470
456
464
460
822
460
482
466
480
456
464
460
466
474
468
456
462
466
1002
456
464
468
464
458
464
456
476
460
472
464
464
464
466
460
468
458
476
458
486
458
478
456
486
456
472
468
458
460
482
460
528
460
462
476
458
476
476
460
460
458
468
464
468
484
458
460
460
454
466
458
464
472
458
452
460
468
464
460
1378
458
466
460
480
468
464
452
464
468
464
456
464
470
458
466
464
484
464
452
458
454
484
456
462
462
458
456
468
456
460
472
462
468
486
454
460
472
464
460
470
458
476
452
464
458
466
458
468
452
468
456
480
456
480
458
470
456
482
452
478
456
460
458
460
474
458
458
464
466
464
462
468
460
468
458
464
456
460
466
460
460
464
458
472
460
468
472
468
480
990
456
464
464
464
452
462
458
462
468
470
464
468
460
468
468
466
464
470
458
470
462
464
476
470
460
464
460
470
456
472
464
468
472
460
478
512
462
462
452
464
452
464
456
460
452
466
452
468
460
464
524
464
464
466
460
468
460
466
458
462
456
482
456
458
470
476
460
476
460
464
456
464
456
466
460
470
460
468
456
468
484
462
460
466
454
460
460
462
482
464
468
484
452
462
476
466
472
462
452
482
476
464
462
458
464
464
506
464
454
468
458
464
456
458
456
464
458
464
458
460
470
466
476
464
456
462
450
462
